48
50 72 2
81 13 26
93 7 26
27 2 8
97 36 23
36 42 18
11 24 4
69 81 16
50 45 20
46 8 19
39 81 22
31 93 22
80 69 6
90 51 5
96 32 27
42 15 27
27 26 3
61 14 7
92 41 13
93 38 21
12 65 8
46 97 5
86 47 6
38 76 10
41 87 3
17 49 25
27 5 30
65 24 28
86 3 3
18 56 2
77 40 25
73 60 14
18 78 19
10 74 28
64 21 14
96 62 14
52 59 21
54 2 9
81 97 12
44 88 22
5 30 28
12 33 3
94 99 13
93 50 26
44 43 27
3 87 5
12 27 29
94 59 14
12
23 32 17
84 54 17
36 36 25
54 99 7
36 6 16
43 3 2
95 97 5
7 30 10
30 14 24
23 73 19
68 74 10
0 48 6
32
85 82 10
59 73 11
45 20 19
53 98 19
3 78 15
86 95 16
89 41 29
34 39 11
25 45 23
92 27 7
51 97 24
43 9 24
36 86 21
48 80 5
50 34 21
48 98 21
11 52 12
52 33 17
11 55 7
13 20 10
39 14 12
36 14 15
60 29 2
58 4 11
54 28 30
64 62 24
77 66 26
41 49 16
12 96 17
8 76 10
57 87 16
30 45 29
37
5 32 2
7 19 19
52 49 17
4 14 16
76 94 13
7 26 17
29 21 4
34 61 30
50 91 19
3 49 23
83 27 7
96 8 10
91 47 30
15 78 23
34 25 23
9 58 5
8 74 21
96 90 19
36 21 15
14 21 11
33 23 6
26 44 14
33 56 30
7 57 5
45 10 3
20 56 10
50 38 27
90 12 16
53 28 24
38 65 17
10 98 24
5 18 14
84 78 21
80 61 26
70 16 7
12 3 20
55 59 2
27
31 46 2
5 11 15
49 79 28
51 9 6
9 5 8
71 26 19
21 32 6
2 43 5
4 29 27
30 54 30
22 16 16
71 82 5
34 24 3
32 31 22
83 68 2
35 60 6
91 39 16
85 86 4
99 95 20
53 47 16
93 6 12
13 5 8
13 81 3
15 60 15
23 41 22
98 36 16
49 96 7
7
10 8 25
74 55 1
83 16 14
43 45 13
0 20 23
36 19 4
19 42 28
8
27 19 26
38 38 5
39 53 1
72 85 6
24 63 9
69 28 16
23 5 2
64 75 14
24
60 60 24
67 69 1
21 87 16
15 41 9
67 70 23
81 60 24
75 40 6
62 50 20
88 37 8
2 0 15
76 4 9
99 58 4
30 3 15
70 30 21
57 72 12
30 49 22
34 17 17
76 14 17
26 89 11
9 4 24
48 26 20
78 1 29
45 63 6
66 2 14
26
32 99 2
71 20 25
88 77 18
23 0 5
85 59 16
88 89 11
86 90 5
28 63 5
65 41 19
56 22 28
83 36 20
17 35 18
32 65 9
93 51 10
94 21 11
70 62 23
53 89 24
70 86 12
52 18 22
14 36 7
80 16 22
0 12 7
74 24 30
31 96 8
53 63 23
73 66 18
7
29 82 15
9 23 14
22 97 8
12 23 24
46 38 23
36 36 3
1 20 30
0
