1000 1000
0 261
0 385
0 551
0 588
0 933
1 510
1 530
1 532
2 155
2 161
2 688
2 856
2 896
3 194
3 882
4 78
4 165
4 319
4 323
4 450
4 646
4 739
5 209
5 534
5 811
6 602
6 633
6 786
6 999
7 204
7 312
7 357
7 533
8 65
8 513
8 556
8 673
8 894
9 450
10 380
10 974
11 329
11 427
11 802
11 923
11 967
12 460
13 566
13 925
14 619
15 127
16 214
16 260
16 346
16 445
16 471
16 579
16 732
16 937
17 25
17 107
17 198
17 229
17 958
18 314
18 392
18 899
19 377
19 465
19 628
20 42
20 229
20 286
21 270
21 876
22 271
22 817
23 259
23 339
23 449
23 583
24 447
25 306
25 314
26 155
26 299
26 570
26 620
26 738
27 152
28 130
28 278
28 706
29 37
30 178
30 727
30 973
31 692
31 886
31 975
32 746
34 175
34 212
35 185
35 743
35 825
37 884
38 255
38 314
38 670
38 906
39 418
41 62
41 615
42 8
42 106
42 164
43 74
43 80
43 315
43 605
43 792
45 236
45 367
45 627
45 832
46 268
46 832
46 892
47 370
47 890
47 924
48 58
48 520
48 776
48 943
49 327
49 522
49 780
49 864
50 267
50 740
50 920
50 943
51 807
52 268
52 393
53 333
53 867
54 40
54 438
54 877
55 205
55 682
55 728
55 730
56 583
57 133
57 453
57 494
57 911
58 183
58 241
58 429
58 598
59 141
59 547
60 444
61 339
61 515
62 223
62 585
62 710
62 831
62 935
63 92
63 683
63 717
64 570
64 807
65 213
65 650
65 830
65 982
66 154
66 532
66 610
66 700
67 273
67 547
68 834
69 287
69 498
69 727
69 895
69 987
70 279
70 932
71 89
71 976
72 8
72 473
72 956
73 259
73 488
73 614
73 991
74 19
74 168
74 556
75 607
76 736
77 591
77 917
78 167
78 966
79 268
79 369
79 490
79 661
79 702
79 767
79 986
80 166
80 186
80 248
80 397
80 853
80 996
81 544
81 861
83 838
83 850
84 58
84 96
84 458
85 264
85 480
85 486
85 692
86 35
86 316
86 376
86 376
87 127
87 872
88 663
88 732
88 833
89 265
89 376
89 536
90 50
90 198
90 404
90 544
90 617
90 868
91 508
91 801
92 16
92 575
92 801
93 188
93 339
93 435
93 737
94 733
95 245
95 292
96 652
96 786
97 580
97 751
97 753
97 767
97 877
98 57
98 130
98 386
99 97
100 264
100 491
100 942
102 99
102 325
102 421
102 506
102 829
103 42
103 51
103 299
103 473
103 821
104 231
104 484
104 895
104 926
105 183
105 222
105 479
105 677
106 5
106 319
106 393
106 774
106 779
106 863
107 236
107 256
107 398
107 885
109 966
110 394
110 400
110 742
111 967
112 388
112 607
113 113
113 345
113 564
113 890
114 106
114 419
114 804
115 517
115 837
116 58
116 160
116 275
116 310
117 16
117 225
117 468
117 516
118 328
118 351
118 375
119 216
119 711
119 913
120 15
120 207
120 215
120 431
120 818
120 906
121 125
121 276
121 723
122 540
123 201
123 577
123 579
123 586
123 920
123 927
125 83
125 302
126 743
126 839
126 977
127 430
128 66
128 964
128 980
129 122
129 403
129 643
130 220
130 335
130 559
130 604
130 655
130 975
131 245
131 261
131 607
131 684
131 701
131 854
132 766
133 160
133 652
133 713
134 116
134 273
134 592
134 738
134 779
135 149
135 250
135 271
135 379
135 455
135 656
136 150
136 516
136 546
136 795
137 105
137 268
137 381
138 834
138 957
139 434
139 620
140 20
140 249
140 705
141 503
141 649
142 141
142 177
142 302
142 403
142 596
142 597
143 167
143 516
143 640
143 949
144 591
144 751
144 928
144 963
145 363
145 519
146 25
146 32
146 107
146 144
146 360
146 369
146 563
147 314
147 874
149 810
149 824
149 843
149 865
150 469
150 603
150 629
151 5
151 162
151 398
151 696
152 833
153 53
153 68
153 483
153 589
153 625
154 112
154 443
157 281
157 798
157 877
158 692
159 408
159 477
160 385
160 427
160 923
161 98
161 293
161 867
162 13
162 927
163 241
163 661
163 747
164 444
164 629
164 873
164 886
164 898
165 327
165 517
165 625
165 653
165 949
166 637
166 972
167 515
168 238
168 357
168 376
169 58
169 551
169 976
170 477
170 892
171 38
171 108
171 196
171 306
171 892
172 325
172 595
172 931
173 139
173 150
173 731
174 380
174 783
175 4
175 89
175 98
175 209
175 855
176 15
176 77
176 118
177 147
177 221
177 615
177 924
177 975
178 705
179 796
179 995
180 277
180 451
180 813
181 559
181 897
183 215
183 325
183 406
183 492
183 717
183 988
184 93
184 186
185 157
185 271
185 647
185 713
186 214
186 276
187 202
187 497
187 611
187 913
187 933
188 93
188 546
188 688
189 59
189 113
189 185
189 583
189 611
189 636
189 656
190 144
190 588
191 935
192 414
193 274
193 668
194 53
194 173
194 355
194 579
194 790
194 793
195 46
195 119
195 580
195 629
196 504
196 522
196 643
197 637
197 809
198 13
198 125
198 293
198 353
198 380
198 483
198 504
199 62
199 665
200 119
200 324
200 366
201 26
201 160
201 569
201 790
201 933
202 8
202 689
202 847
203 409
203 494
203 755
204 307
204 414
205 457
205 595
206 688
206 746
206 943
207 162
207 359
207 403
207 909
207 954
208 71
208 93
208 325
208 685
208 798
209 112
209 116
209 325
209 455
209 720
209 753
209 905
211 107
211 267
212 63
213 217
213 269
213 295
213 529
213 921
214 164
214 199
214 478
214 680
214 873
215 255
215 555
215 797
216 65
216 874
216 919
217 740
217 836
218 975
219 210
220 441
220 506
220 541
221 904
221 981
221 989
222 381
222 582
222 807
223 38
223 136
223 549
223 621
223 658
224 81
224 111
224 257
224 283
224 892
224 909
225 179
225 401
225 608
225 694
225 932
225 950
226 166
226 178
226 543
226 604
226 833
227 325
227 435
227 512
228 692
228 851
229 94
229 215
229 291
230 523
230 916
230 919
231 636
231 703
232 220
232 403
232 430
232 456
232 574
232 615
232 708
233 282
233 965
235 85
235 162
235 303
236 215
236 850
236 876
237 198
237 475
237 825
238 64
238 85
238 803
238 874
239 42
239 348
239 353
239 782
239 783
240 136
241 176
241 275
241 462
242 100
242 275
243 288
243 501
243 531
243 633
243 896
244 551
244 740
244 766
245 7
245 163
245 631
246 274
246 622
247 484
247 582
247 863
248 126
249 162
249 690
250 47
250 395
250 626
250 697
251 697
251 915
253 562
253 587
254 27
254 703
255 16
255 369
255 613
255 787
255 819
256 256
256 263
256 707
256 877
256 897
257 69
257 282
257 719
257 969
258 577
258 624
258 700
258 759
258 954
259 29
259 323
260 912
261 1
261 117
261 206
261 493
261 684
262 547
262 579
262 994
263 457
264 247
264 530
264 735
265 393
266 638
266 835
266 838
267 152
268 365
268 399
268 518
268 537
268 737
268 815
269 405
269 791
269 820
270 14
270 336
271 275
271 516
271 614
272 181
272 372
272 456
272 529
273 80
275 74
275 613
275 791
276 450
276 728
276 735
276 798
276 871
277 602
278 52
278 970
279 382
279 415
279 424
280 179
280 580
280 809
280 824
280 971
281 43
281 311
281 522
281 539
281 774
282 74
282 934
283 5
283 140
283 430
283 469
283 554
283 653
283 969
284 21
284 292
284 782
285 106
285 619
285 987
286 82
286 161
286 704
286 858
286 921
287 299
287 357
287 482
287 529
287 619
287 862
288 302
288 406
289 5
289 384
290 90
290 249
290 489
290 786
290 926
291 123
291 239
292 407
292 548
293 220
293 485
293 916
294 693
294 719
294 756
296 148
296 467
296 484
296 566
296 664
297 675
298 201
298 238
298 523
298 523
298 554
299 232
299 508
300 216
300 534
300 594
300 598
300 634
301 710
301 822
301 858
303 219
303 727
304 133
304 345
304 412
304 493
305 294
305 392
305 748
306 279
306 509
307 601
308 64
308 665
309 126
309 423
309 820
310 208
310 862
311 9
311 47
311 884
311 978
312 149
312 525
312 999
313 292
313 523
314 154
314 559
314 588
314 684
314 840
314 930
315 17
315 145
315 938
316 143
316 394
316 694
316 979
317 31
317 69
317 802
317 955
318 231
318 998
319 901
320 31
320 134
320 288
320 739
320 757
320 764
321 373
321 451
322 100
322 145
322 647
322 653
323 491
323 869
323 883
323 903
324 4
324 958
325 294
326 43
326 96
326 845
327 331
327 405
327 420
327 491
327 669
328 141
328 785
328 804
329 77
329 312
329 482
329 751
329 939
330 459
330 836
330 899
330 976
331 150
331 296
331 459
331 549
331 586
332 294
333 463
333 599
334 104
334 485
334 892
334 974
335 437
336 112
336 604
337 195
337 545
337 602
338 411
338 668
338 788
338 807
339 715
339 819
339 949
340 72
340 695
341 128
341 413
341 425
341 875
342 70
342 812
343 169
343 639
343 709
343 942
344 88
344 134
345 237
345 575
346 71
346 286
346 535
346 635
346 743
346 825
347 1
347 608
347 958
347 998
348 300
348 991
349 406
349 776
350 14
350 153
350 361
350 489
350 739
351 727
351 843
351 851
351 943
353 474
353 585
353 816
354 407
355 152
355 665
355 958
356 11
356 69
356 123
356 237
356 487
357 218
357 807
358 223
358 825
358 842
358 852
359 265
359 268
359 430
359 497
359 633
359 871
360 252
360 561
360 666
360 680
360 716
361 442
362 392
362 683
363 596
364 156
364 678
364 681
364 911
364 912
365 236
365 453
365 946
366 150
366 169
366 313
366 821
367 299
367 342
367 803
368 21
368 158
368 185
368 534
368 750
369 29
369 31
369 234
369 238
370 240
370 399
370 672
370 700
371 429
372 281
372 593
373 7
373 226
373 626
374 142
374 234
374 295
374 604
374 979
375 249
375 975
376 64
376 445
376 481
376 868
377 193
378 90
379 4
379 164
379 419
379 769
379 916
380 141
380 244
380 539
380 913
381 107
381 522
381 930
382 951
383 28
383 456
383 944
385 775
385 914
386 219
386 359
386 441
386 539
386 998
387 358
387 556
387 624
387 677
388 43
388 366
388 754
389 209
389 347
389 650
390 92
390 182
390 226
391 0
391 90
391 273
391 536
391 783
392 358
392 692
392 955
393 180
393 330
393 372
393 384
394 898
395 207
395 335
395 487
396 636
397 402
397 499
397 545
397 675
397 985
398 244
398 623
398 718
398 804
398 884
398 896
399 313
399 492
400 153
400 304
400 415
401 674
401 906
402 588
402 676
402 693
402 704
402 988
403 382
403 399
403 955
404 65
404 251
404 348
404 826
405 279
405 695
405 833
405 940
406 433
407 46
407 508
407 508
407 911
408 833
408 902
410 74
410 116
410 568
410 638
410 902
410 905
411 315
411 600
412 142
412 854
413 112
413 513
413 601
414 155
414 361
414 567
414 607
415 12
415 571
416 185
416 310
416 432
416 917
417 208
417 390
417 881
418 307
418 961
419 126
419 188
419 212
419 917
420 156
421 456
421 531
421 998
422 213
422 279
422 294
422 492
423 134
424 547
424 887
425 531
425 629
425 700
425 745
425 783
425 999
426 165
426 565
427 190
427 416
428 175
428 450
428 871
429 215
429 285
429 693
429 966
430 366
430 399
430 442
430 477
431 259
431 605
431 623
431 692
431 749
431 929
432 98
432 398
432 563
433 348
433 584
433 744
434 286
434 743
434 891
435 941
436 627
437 29
437 602
438 564
438 576
438 596
438 747
438 795
439 288
439 403
439 492
440 721
441 18
441 122
441 150
442 39
442 344
442 552
442 766
442 969
443 32
443 88
443 168
443 421
443 468
443 632
443 651
443 822
444 45
444 110
444 198
444 381
444 646
444 877
444 975
445 112
445 426
445 639
445 922
446 390
447 445
447 718
448 457
448 895
448 946
449 148
449 242
449 366
449 984
451 24
451 28
451 37
451 682
452 109
452 741
453 4
453 23
453 39
453 523
453 554
453 567
453 985
454 184
454 192
454 194
455 193
455 221
455 348
455 870
455 891
456 227
456 758
457 97
457 734
457 960
458 841
459 896
460 282
460 492
461 0
461 18
461 802
462 338
462 751
462 994
463 42
463 292
463 331
463 437
463 825
463 922
464 995
465 153
466 36
466 337
466 415
466 621
466 840
467 116
467 157
467 557
468 440
468 858
469 295
469 369
469 438
469 471
470 518
471 76
471 552
472 691
472 811
472 821
473 903
475 59
475 225
475 365
475 781
475 792
476 24
476 791
476 816
476 845
477 430
477 662
477 799
478 1
478 260
478 540
478 615
478 670
478 674
478 867
478 870
478 982
479 267
480 143
480 241
480 604
480 658
480 670
480 856
480 980
481 905
482 442
482 572
483 11
483 618
483 762
483 961
483 993
484 363
484 381
484 926
485 535
485 778
486 181
486 259
486 393
486 576
486 623
486 842
486 948
487 151
487 260
487 426
487 520
487 671
487 861
488 39
488 379
489 357
490 397
491 190
491 234
491 445
491 549
492 323
492 453
492 640
492 781
493 267
493 485
494 271
494 364
494 988
495 384
495 811
496 247
496 920
497 144
497 427
498 264
499 307
499 988
500 149
500 268
500 503
500 555
501 462
501 523
501 620
501 628
502 965
503 717
503 880
504 174
504 395
504 475
505 543
505 755
505 771
505 835
505 919
506 757
508 385
508 632
508 752
509 61
509 108
509 119
510 134
510 234
510 290
510 302
510 802
511 761
511 890
511 893
512 92
512 458
512 820
513 60
513 166
513 345
513 829
513 888
514 397
514 679
515 355
515 632
515 887
516 687
517 17
517 117
517 292
517 423
517 677
517 855
518 277
518 413
518 885
519 350
519 684
519 876
520 353
520 490
520 696
520 897
520 975
521 177
521 562
522 728
523 148
523 534
523 606
524 488
524 501
524 610
524 679
525 163
525 422
525 720
525 921
526 870
526 898
527 23
527 199
527 200
528 71
528 154
528 222
528 693
528 958
528 976
529 210
529 211
529 341
529 580
529 645
529 700
529 816
530 701
531 48
531 879
532 247
532 336
532 775
533 93
533 431
533 436
533 459
534 292
534 651
534 903
535 331
536 183
537 40
537 329
537 434
539 19
539 42
539 157
540 272
540 286
540 523
540 562
540 657
540 996
542 149
542 302
542 671
543 482
543 821
544 507
544 932
545 223
545 335
545 688
545 898
546 254
546 719
547 289
547 521
548 41
548 97
548 325
548 467
548 629
548 763
549 11
549 132
549 141
549 280
549 388
549 448
550 62
550 134
550 424
550 456
550 563
550 662
550 758
550 790
551 441
551 779
553 4
553 635
553 785
553 888
554 27
554 439
554 495
554 625
554 794
555 588
556 166
557 23
557 678
557 724
557 916
558 155
558 304
558 829
558 842
558 851
559 164
559 307
559 461
559 572
559 689
559 692
559 922
560 162
560 707
560 745
560 757
560 795
562 255
562 823
562 907
562 944
563 340
563 536
563 842
564 35
564 197
564 277
565 786
567 243
567 247
567 250
568 258
568 369
568 606
568 872
569 127
569 158
569 270
569 429
569 618
569 920
570 599
571 181
571 311
571 315
571 331
572 881
573 294
573 501
573 693
574 48
574 117
574 355
574 915
575 509
575 541
575 688
575 832
575 906
576 172
576 216
576 468
576 555
576 601
576 715
576 762
577 187
577 285
577 484
577 837
577 968
579 119
579 138
579 595
579 724
581 13
582 196
582 565
582 662
582 940
583 92
583 766
583 785
583 910
584 974
585 860
586 480
586 699
587 199
587 206
587 453
587 593
588 44
588 695
588 718
588 843
588 867
589 400
590 59
590 342
590 494
591 94
592 164
592 309
593 444
593 948
595 97
596 88
596 384
596 489
596 797
597 351
597 408
597 753
598 376
598 697
600 225
600 579
601 370
602 453
602 559
602 592
603 61
603 78
604 115
604 431
604 591
604 937
605 1
605 20
605 480
605 730
605 833
605 851
606 114
606 541
607 119
607 204
607 417
607 852
608 255
608 621
608 976
609 93
609 452
609 660
610 142
610 252
610 725
610 900
610 963
611 212
611 329
611 339
611 591
611 639
613 3
613 329
613 331
613 437
613 490
613 538
614 639
614 642
615 29
615 298
616 178
616 472
616 590
616 732
617 54
617 251
617 417
618 8
618 418
619 69
619 646
620 14
620 196
620 256
620 463
620 709
621 673
621 853
622 111
622 650
623 356
623 653
623 759
624 74
624 529
624 635
624 733
625 48
625 205
625 339
625 438
625 499
625 783
626 207
626 704
626 954
627 928
628 113
628 140
628 668
629 172
629 252
629 668
630 246
632 166
632 954
633 219
633 354
633 533
633 626
634 42
634 188
634 543
634 654
634 753
635 206
635 279
635 312
635 802
636 991
637 683
638 281
638 788
638 912
638 952
639 189
639 433
641 239
641 797
641 866
642 211
642 273
642 366
642 416
642 878
642 987
643 25
643 142
643 708
643 711
643 863
644 199
645 145
645 304
645 375
646 72
646 140
647 408
647 455
647 743
648 957
649 356
649 724
649 920
650 45
651 570
651 633
651 796
651 870
652 639
652 753
652 924
653 390
653 640
654 80
654 728
654 893
655 17
655 194
655 484
655 860
655 913
656 284
656 963
657 44
657 377
657 394
657 565
658 871
659 722
659 827
660 208
660 490
660 661
661 194
661 440
662 207
662 470
662 585
662 761
662 802
663 262
663 421
663 933
664 443
664 460
665 608
665 662
665 783
666 36
666 66
666 101
666 468
666 496
667 230
667 478
667 775
669 342
669 458
669 694
669 696
669 732
669 961
670 95
670 263
670 391
670 396
670 460
671 170
671 313
671 588
671 691
671 872
671 973
671 979
672 82
672 615
672 747
672 836
672 966
673 769
674 228
674 512
674 515
675 13
675 165
675 873
677 0
677 333
678 4
678 311
678 731
679 376
680 458
680 459
680 791
682 424
682 554
682 882
683 27
683 109
684 15
685 162
685 474
685 775
686 67
686 460
687 240
687 336
687 447
687 740
687 809
687 874
688 460
688 906
690 210
690 330
691 285
691 456
691 509
691 527
691 528
691 606
691 882
691 959
692 192
692 572
692 732
692 779
692 973
693 56
693 467
693 815
693 823
693 986
694 70
694 98
694 963
695 426
695 471
695 665
695 690
695 845
696 109
696 126
697 33
697 173
698 116
698 158
699 136
699 265
699 292
699 327
700 126
700 977
701 760
701 793
702 171
702 621
702 879
703 695
703 794
703 848
704 40
704 291
704 362
704 626
704 850
705 40
705 108
705 413
705 694
706 31
706 107
706 446
707 606
707 739
707 786
707 833
708 117
708 695
708 855
709 192
709 751
710 209
710 601
710 674
710 739
710 900
711 14
711 404
711 699
711 941
711 974
712 247
712 959
713 525
713 533
713 825
714 108
714 466
714 619
714 763
715 244
715 505
715 804
716 407
717 17
717 49
717 97
717 464
717 481
717 481
717 787
718 611
718 957
719 497
720 21
720 211
721 303
721 442
722 269
722 416
722 733
722 797
723 89
723 691
723 747
723 818
724 511
724 916
725 104
725 867
726 503
727 785
727 787
727 896
728 107
728 506
728 605
728 834
729 68
729 146
729 559
729 578
730 313
730 833
731 10
731 158
731 374
731 841
731 905
731 911
731 957
732 125
732 422
732 768
732 836
732 993
734 278
734 645
734 695
734 724
736 161
737 152
737 660
737 679
737 805
737 846
737 874
738 801
739 59
739 64
739 445
739 881
740 86
740 447
741 634
741 776
742 346
742 730
743 193
743 262
743 395
743 985
744 63
744 700
745 153
745 253
745 532
745 596
745 761
746 387
746 717
747 5
747 18
747 156
747 257
747 325
748 234
748 376
748 973
749 407
749 418
749 628
749 695
749 874
749 973
750 57
750 373
750 505
750 750
750 919
751 375
751 932
752 69
752 108
752 550
753 806
754 283
754 283
754 352
754 522
754 846
754 908
755 309
755 652
756 644
757 145
757 681
757 788
757 899
758 412
759 273
759 626
760 273
760 629
760 697
760 741
760 749
761 28
761 106
761 342
761 596
761 789
761 992
762 299
762 332
762 375
762 424
762 923
763 18
763 358
763 604
763 941
764 589
764 755
765 60
765 74
765 203
765 211
765 737
766 147
766 388
766 585
766 633
766 823
767 45
767 871
767 997
768 693
769 31
770 460
770 475
770 961
771 310
771 527
771 927
772 144
772 181
772 485
773 409
774 564
774 925
775 0
775 260
775 404
775 730
775 740
776 302
776 399
776 713
777 125
777 224
777 699
777 869
778 337
778 350
779 114
779 790
780 576
780 934
781 543
781 648
781 692
782 92
782 699
782 699
782 862
784 191
784 332
784 390
784 428
784 490
784 629
784 773
784 787
785 136
785 403
785 433
786 55
786 701
787 302
787 784
788 653
789 194
789 213
789 323
790 16
791 694
792 359
792 588
792 920
793 379
793 512
794 270
794 279
794 467
795 412
795 570
795 697
795 739
795 933
796 155
796 981
797 8
797 55
797 500
797 743
797 846
798 422
798 704
800 163
800 570
800 884
801 1
801 693
801 711
801 859
802 73
802 407
802 842
803 21
803 161
803 909
804 254
804 322
804 363
805 198
805 318
805 370
806 487
806 532
807 216
807 239
807 691
807 734
808 19
808 269
808 308
808 501
808 592
809 330
809 353
809 543
809 801
810 113
810 442
810 673
810 719
810 884
811 250
811 254
811 411
811 826
811 832
812 212
812 728
813 381
813 672
814 601
814 847
814 949
815 488
815 628
815 960
816 6
816 536
816 595
816 645
817 213
817 393
817 442
817 992
818 264
818 522
818 554
818 875
818 909
819 132
819 264
820 411
820 664
821 60
821 106
821 157
821 293
821 508
821 510
821 636
821 713
821 769
821 829
822 230
822 410
822 573
822 883
822 891
822 958
823 49
823 92
823 184
823 927
824 277
824 294
824 596
825 38
825 279
825 651
825 883
826 404
826 601
827 642
827 764
828 310
828 721
829 482
829 680
829 756
830 140
830 238
830 439
831 135
831 611
831 676
831 880
831 919
831 939
832 65
832 835
832 849
832 921
833 347
833 529
836 174
836 587
836 834
837 575
837 786
838 625
838 629
838 654
838 760
838 908
839 74
839 913
840 340
840 727
840 753
841 168
841 377
842 158
842 360
842 512
842 738
842 843
843 28
844 141
844 564
845 95
845 696
847 57
847 543
847 578
847 616
847 864
847 972
848 367
849 103
849 112
849 550
849 809
849 840
850 214
850 279
850 936
851 288
852 34
852 255
852 568
852 592
852 726
852 817
852 849
852 933
853 43
853 239
853 564
853 998
854 255
854 282
854 683
854 808
854 845
854 990
855 67
855 205
855 542
855 966
856 723
856 868
856 989
856 994
857 553
857 921
858 553
859 240
859 498
859 803
860 199
860 369
861 648
861 767
861 815
862 494
862 523
863 21
863 311
863 615
864 356
864 777
865 619
865 779
866 139
866 546
866 685
867 373
867 697
868 3
868 283
868 975
868 980
868 984
869 5
870 298
870 330
870 653
871 105
871 178
871 416
871 583
871 643
871 689
871 784
872 102
872 123
872 126
872 212
872 277
872 448
873 258
873 455
873 483
874 61
874 341
875 241
875 723
875 814
875 913
875 938
876 49
876 134
876 364
876 383
876 819
877 158
877 359
877 522
878 473
878 514
879 182
879 445
879 617
880 179
880 857
881 131
881 142
881 201
881 930
882 128
882 392
882 731
882 785
882 987
883 205
884 497
885 397
885 482
886 249
886 580
886 697
886 960
887 378
887 668
887 958
888 16
888 336
888 921
888 932
888 967
889 88
889 213
889 393
889 625
889 778
889 900
890 742
890 848
891 219
891 662
892 222
892 773
893 65
893 474
893 802
893 988
894 226
894 420
894 704
895 177
895 227
895 234
895 331
895 522
895 541
895 882
896 202
896 859
896 966
897 286
897 531
897 820
898 348
898 661
898 848
899 743
900 134
900 674
901 100
901 196
901 588
902 189
902 742
902 794
903 443
903 544
903 573
903 993
904 535
904 734
904 782
906 49
906 453
906 542
906 553
906 953
908 3
908 370
909 180
909 714
909 991
910 338
911 781
912 5
912 30
912 94
913 62
913 540
913 562
914 367
914 377
914 434
914 632
914 706
915 129
916 643
916 864
917 265
917 266
917 280
917 404
917 545
917 608
918 335
918 980
919 282
919 398
919 508
919 782
920 308
920 486
920 715
920 726
920 883
920 944
921 828
922 236
922 278
923 51
923 171
923 179
923 435
923 620
923 947
924 384
924 582
924 701
925 298
925 645
926 162
926 931
927 213
927 253
927 609
927 869
927 902
928 296
928 367
928 465
928 986
930 66
930 131
930 188
930 422
931 18
932 572
932 651
932 870
932 917
933 174
933 197
933 563
933 830
933 919
934 786
934 921
934 990
935 13
935 15
935 312
935 778
936 302
936 350
936 572
937 7
938 285
938 650
939 157
939 391
939 453
939 533
939 636
939 886
939 950
939 998
940 117
940 365
940 419
941 100
941 187
941 448
941 648
941 817
941 861
941 885
943 181
943 369
943 761
943 808
943 844
944 196
944 360
944 487
944 880
945 571
946 491
946 819
946 892
947 251
947 304
947 687
947 934
948 93
948 262
948 605
948 716
948 717
948 871
948 873
949 82
949 210
949 338
950 75
950 366
950 579
951 8
951 276
952 65
952 370
952 452
952 949
953 873
954 139
955 175
955 431
956 93
956 97
956 244
956 526
956 543
956 711
956 759
956 966
957 455
957 493
957 598
957 992
958 207
958 505
959 17
959 106
959 516
959 806
960 10
960 31
960 505
960 756
960 986
961 643
963 505
963 804
964 630
965 105
965 329
966 6
967 2
967 165
967 402
968 212
968 811
969 199
969 395
969 899
970 645
971 217
971 434
971 756
971 837
972 269
972 569
972 633
972 876
973 777
974 595
975 9
975 251
975 546
976 152
976 226
976 261
976 605
977 187
977 271
977 731
978 428
978 547
978 616
978 650
978 716
979 376
980 303
980 443
980 522
981 45
981 104
981 179
981 261
981 326
981 388
981 862
981 947
981 949
982 697
982 985
983 121
983 283
983 879
984 487
984 926
985 105
985 397
986 59
986 892
986 956
987 223
987 586
988 936
989 154
990 157
990 258
990 422
990 493
991 29
991 178
991 698
992 66
992 118
993 837
993 924
994 340
994 663
994 890
995 688
996 142
997 50
997 250
997 466
997 611
997 978
998 281
998 507
998 575
998 707
999 580
999 816
-1 -1
