20 20
0 4
0 9
0 11
0 13
0 14
0 15
0 16
0 18
1 10
1 10
2 6
3 2
3 9
3 9
3 13
4 3
4 13
4 14
4 15
4 16
4 17
5 0
5 3
5 3
5 7
5 8
5 9
5 15
5 18
6 2
6 3
6 3
6 7
6 9
6 9
6 19
6 19
7 1
7 2
7 4
7 8
7 10
7 11
7 12
7 13
8 0
8 5
8 12
8 12
9 0
9 7
9 11
9 16
9 19
10 0
10 0
10 2
10 5
10 7
10 9
10 10
10 10
10 15
10 18
11 3
11 7
11 9
11 10
11 11
11 18
11 18
12 4
12 10
12 12
12 13
12 17
13 2
13 8
13 8
13 10
13 10
14 1
14 4
14 7
14 12
14 13
15 2
16 2
16 3
16 16
16 16
17 8
17 15
17 15
17 18
18 1
18 5
19 11
19 15
19 17
-1 -1
