60
-21 -32 18
4 16 -54
27 -32 -6
52 3 2
-59 3 -20
-60 -3 57
-60 49 -20
35 14 43
55 -20 -59
-28 -51 1
-25 -10 9
18 1 40
25 8 -55
3 -20 13
7 57 -5
9 31 -31
-17 -29 -57
52 -39 34
27 -23 14
27 -38 -46
17 -30 -32
1 -2 -7
-51 32 -17
49 36 20
-45 58 -28
-2 53 -10
-55 44 -29
1 7 -51
-32 48 -48
12 54 1
-14 39 15
-58 40 -58
-23 -33 9
44 37 39
-45 14 -33
-29 -29 56
58 -55 -28
-52 -46 41
-30 5 -26
19 -8 -16
34 -7 -43
-37 -7 -28
-7 35 -21
22 -44 -24
-27 -28 41
50 44 50
58 42 25
-9 40 33
10 -51 47
8 1 25
1 -49 26
4 7 -38
15 56 -50
60 -58 -17
-24 34 56
-50 -32 18
14 57 1
22 31 31
6 -9 34
-52 31 48
-60 21 -54
-28 -13 -28
13 55 57
24 -24 46
44 47 -33
26 -3 -5
-17 40 -45
16 4 4
-46 19 49
41 31 31
31 34 37
-35 43 -41
-32 -51 -24
-13 19 31
60 42 -41
56 -45 -12
46 51 25
-15 59 -7
-2 25 35
43 10 -60
19 -52 30
25 7 29
-23 18 -35
-24 15 -55
30 -52 45
36 -56 -54
36 1 -38
-45 -13 47
41 -4 -19
-23 35 -52
4 37 48
-24 -24 56
-46 -19 -18
12 -11 49
6 -38 32
18 -4 22
3 -13 8
4 -36 -25
-47 10 -53
-50 -56 -13
43 -38 18
15 12 -20
-17 -29 -30
-45 -4 -8
-11 30 -37
16 -4 42
-32 58 28
41 49 59
-52 5 43
-27 43 -49
10 43 41
40 -23 3
-45 -28 -45
-11 -7 15
48 25 -38
7 24 25
-20 10 35
-23 -2 44
26 52 -26
-23 -38 31
-23 33 24
-37 -51 47
8 1 -41
-28 -6 54
10 -27 45
-17 40 -43
31 -60 31
8 12 59
1 -35 -31
20 -23 -35
14 58 21
-2 50 22
-11 31 -3
-28 34 47
47 4 18
-10 -13 -3
12 34 -43
36 -52 -55
48 56 -21
-12 48 5
31 -48 -16
-25 -54 -39
50 20 48
50 -42 -22
-7 1 6
-19 15 -53
1 58 -36
-55 -7 -2
53 16 49
-45 41 31
-8 -12 58
32 40 -55
9 19 9
6 40 -49
-28 41 1
10 -11 16
-11 49 50
39 -17 -32
-36 48 41
3 -24 5
-34 22 -18
46 32 3
10 -47 -46
33 28 47
49 58 49
6 -23 -5
-32 -56 32
5 44 43
39 21 -2
37 53 16
57 35 -45
-13 60 19
28 49 -28
43 -60 26
-25 58 42
35 23 -14
-34 40 -20
39 27 49
31 4 56
42 29 45
4 -32 -36
42 -54 41
-46 -17 -2
10 22 42
-36 34 -37
55 19 47
3 -38 41
39 59 26
-1 4 -26
-55 -38 -52
-12 -28 17
-47 15 -45
27 38 34
-41 -38 -27
29 37 -5
-45 -29 -23
10 -37 2
43 39 -33
5 36 19
38 9 47
-36 7 4
47 35 1
16 -11 -40
-51 18 14
29 50 1
56 12 -10
-23 25 -29
41 6 26
-32 7 -38
-20 -13 15
46 45 8
-36 37 15
-38 57 3
11 52 6
-33 -38 52
7 37 -30
-55 33 -13
-43 20 35
-58 43 -1
-44 -57 -20
22 46 54
-10 34 -2
-11 -13 48
39 34 -27
9 -2 25
38 -36 -41
-56 43 18
-35 39 24
-49 -23 -30
-57 -54 -18
-17 -45 -17
22 3 14
-21 44 -28
27 -46 -51
43 -46 -52
59 -17 -32
-20 1 -35
57 -9 -2
-60 32 35
-45 18 44
1 13 45
3 56 -29
49 -11 -49
10 48 35
4 -21 -28
17 59 -25
10 54 4
14 -27 3
-32 -51 59
-19 14 43
-30 -4 -9
34 10 42
58 39 -57
-24 -55 53
46 39 -38
-59 34 -41
-35 25 -20
56 -17 -29
35 58 57
31 40 10
53 -27 41
5 34 5
19 50 -33
35 -24 -11
-3 49 -17
-52 -53 37
14 17 57
-51 -14 -11
35 54 -3
-22 -49 -52
10 22 43
47 -30 -55
37 43 38
-12 8 8
49 -45 36
22 -45 -56
10 -32 -53
8 19 16
-32 30 34
-24 12 -47
-21 59 37
49 25 -42
44 -31 8
1 3 -54
-21 23 -41
25 -39 -5
40 -31 58
-38 40 -24
8 24 58
-36 -36 -45
-17 19 -11
37 1 42
-17 -55 -30
-29 -30 -27
34 56 1
4 -21 41
57 42 16
8 -52 -55
24 36 -30
6 3 -52
49 7 -15
34 -59 -6
-27 -20 -33
-29 -57 -31
7 18 8
26 -54 8
26 34 -55
48 9 31
-48 3 -3
31 -33 14
-8 11 -33
-11 41 1
8 44 56
-33 26 -52
5 -45 58
-24 -59 -44
47 -2 35
-20 52 -50
-23 -37 -59
7 -18 -47
-49 34 -24
6 22 14
-55 8 -15
-31 -28 -13
47 49 -45
-13 -23 -48
-8 22 -3
59 -40 34
-36 41 -17
21 -31 -30
-46 33 -38
-29 10 58
6 10 47
-45 -29 -38
28 -52 52
52 -17 54
9 -3 -23
42 22 -19
40 -3 10
-52 25 -51
40 48 -60
-42 -58 10
-56 58 38
41 47 6
44 60 -20
26 23 3
56 -59 -7
-24 -13 -38
49 35 60
19 -16 42
18 -36 58
13 9 -47
8 -38 19
-23 10 32
10 6 19
-45 -38 -27
38 50 2
48 -5 3
-41 -13 -43
44 -24 40
31 19 -20
-29 -23 58
-60 -22 -21
19 -11 30
-20 -28 47
9 -52 31
10 37 -24
-50 -55 1
34 -13 58
-13 58 53
-2 -28 -48
-17 38 -42
19 47 -32
8 -34 -51
-25 59 45
-17 31 -8
-24 -11 -40
59 49 14
-12 18 26
24 -46 19
-25 44 14
-48 -57 -28
-38 -45 -15
9 58 15
12 19 18
6 -23 34
32 -34 16
48 47 48
-54 -19 -42
11 -60 8
-16 -8 9
58 -28 51
22 -32 4
-33 7 7
7 40 18
18 49 11
58 55 -16
3 -38 43
-45 -52 41
-46 -40 3
25 -54 -51
15 33 -14
-24 38 11
18 9 -7
-60 -23 -54
36 6 -47
4 -45 9
-23 12 -32
-4 34 46
-33 -29 -39
-48 -16 -30
-52 36 47
-36 -20 18
-23 56 15
11 29 -55
-27 26 26
41 -21 2
57 -1 1
-14 -19 41
12 41 4
34 -45 -29
-54 -32 -53
28 1 22
-23 47 -6
-7 -17 -11
-20 49 -29
5 1 -29
48 44 8
-10 -8 25
-26 -21 44
60 47 5
49 -33 22
12 15 -36
53 -7 47
18 23 -12
56 48 26
33 -42 7
40 -33 4
32 34 -38
35 -21 -54
-17 -40 41
40 2 5
12 43 -46
-52 41 29
-30 -13 7
-17 49 36
-47 35 44
-17 24 17
-23 38 60
-44 6 33
-39 -46 -12
31 -39 -55
24 31 6
-12 -5 16
45 -45 -49
-23 39 41
33 -49 7
-40 -23 -58
5 48 34
-30 -6 15
46 9 5
12 56 60
14 -46 10
26 47 -45
-8 31 35
22 -33 -20
-52 -49 40
18 -8 35
29 -38 -24
26 -56 9
27 -57 43
7 20 -57
-12 42 2
1 -49 -57
22 41 -2
43 -6 6
51 -48 25
-51 -46 18
-58 58 -17
41 9 34
25 -52 5
22 -17 59
25 -35 57
34 -20 -45
54 29 4
27 37 37
-21 47 -27
37 -2 -31
57 36 -51
-51 -41 -33
50 -54 -42
39 9 -11
34 25 -54
30 -1 -20
25 -15 -15
1 50 -32
16 26 57
35 -10 -7
-59 10 -40
21 56 41
-50 57 53
20 39 -29
-39 -45 59
-32 23 -25
-48 56 -57
-19 -30 -58
-33 55 -29
-30 -21 26
-29 8 39
-54 -53 42
47 6 57
58 13 -8
3 -3 35
56 -47 -26
18 -6 32
21 -60 -24
12 39 56
-20 7 26
-33 -41 7
48 5 9
-54 7 -30
-18 -30 51
34 -45 -5
21 43 1
-38 -40 -28
51 -31 26
-33 -27 19
-51 -32 40
14 34 -28
-23 -41 -44
-13 59 19
18 -38 56
-52 37 -23
18 14 -28
6 44 47
43 58 49
-24 15 14
56 -38 60
-7 -21 -29
32 56 -38
-46 31 -38
60 -21 -36
12 52 45
-55 -1 18
-32 4 48
-27 -29 26
26 47 -33
39 -60 43
42 7 31
-42 -2 -36
-17 -15 -44
54 -27 -53
15 -32 -51
57 49 16
21 35 22
-17 -17 40
17 7 52
-36 23 10
40 4 22
50 -20 49
27 38 9
35 -58 12
8 -26 42
53 -45 25
12 40 42
17 3 4
-17 7 -33
12 -27 -56
-40 -41 -21
-53 39 4
-45 -28 -55
-51 -19 -19
22 15 41
-17 26 10
47 1 14
-38 -21 33
49 -21 -22
-26 -3 -20
30 -29 45
-55 -60 9
-50 -26 -55
47 59 -23
-58 4 -53
-52 -49 -31
49 18 49
57 6 50
34 -12 52
-11 16 -60
19 20 -40
-53 42 -28
56 5 39
-28 -46 56
24 -54 -43
-41 44 52
-46 -44 -55
22 -20 -38
-38 -20 -34
16 59 -9
50 6 39
-31 26 -2
31 26 49
-60 19 58
43 9 42
12 -36 -24
-20 -36 -27
52 31 48
13 6 16
-37 -38 39
-9 14 59
37 41 19
9 -23 48
-55 37 18
-46 -11 11
28 -9 19
24 44 4
4 -27 56
-26 33 4
10 40 -42
-57 30 -52
55 -20 40
56 -54 16
-35 -60 39
-40 -30 -11
-36 -55 5
16 18 -52
-38 19 -30
41 10 14
49 -36 -45
15 -13 -28
31 34 13
-18 -4 41
-11 49 -46
-29 42 5
59 -10 40
-32 43 -11
41 -27 34
-55 -20 9
21 16 -53
48 -22 -32
-49 18 11
1 57 41
10 35 40
10 -11 48
-49 51 -54
-53 -13 -39
35 20 22
43 19 43
7 37 31
-54 12 43
57 15 49
37 50 47
-24 -17 47
-26 12 -2
37 -25 -51
9 -38 -3
-43 45 48
56 49 -23
-17 45 7
35 -49 55
-60 8 -23
-13 50 41
35 -20 44
-25 5 -51
41 -56 51
-23 -17 -4
5 -15 33
37 -52 14
41 -16 -31
-50 -1 3
-24 -27 55
-23 55 7
-13 23 -23
34 -9 -49
10 2 58
-8 4 32
25 -15 17
14 48 -25
-11 -4 21
-3 42 2
46 40 30
-42 -3 -13
-55 10 -46
31 -44 30
-60 26 17
-38 -27 50
44 43 -46
-46 42 14
20 -46 16
6 4 -24
-41 12 -13
-33 -40 33
51 39 1
-44 -2 -59
8 40 56
-40 15 48
-21 37 4
21 -44 50
-49 10 15
-41 31 -19
-29 47 -24
-23 42 44
-29 10 -11
7 -24 12
-20 -50 48
41 -47 5
58 12 10
-57 6 60
-38 -20 42
-17 46 4
57 -60 23
33 44 39
-38 8 -33
35 48 35
-21 30 30
-32 35 26
-52 -26 -24
-30 -51 -35
2 59 58
-33 14 29
-49 -28 50
14 5 26
-53 10 59
48 -20 -46
43 -22 -33
-11 -58 18
-38 26 -21
-50 17 42
-27 14 -53
21 -42 44
19 26 -46
-55 7 -60
25 -9 -55
-28 -53 -26
-3 58 -47
-37 -9 -2
24 -20 -34
11 -21 50
5 -17 58
-11 52 -33
-54 39 8
-23 16 31
-26 35 6
58 -13 59
-18 50 -22
12 57 34
-45 -50 48
-15 -33 34
6 -6 -3
39 16 6
7 -30 -33
26 -39 -28
42 -28 -27
4 18 -32
-59 -54 -38
32 16 12
-23 43 41
50 56 26
-38 15 -6
-21 18 -33
-19 50 23
51 53 43
-42 15 56
-53 11 -14
1 -42 -2
45 3 -14
22 7 -55
27 -29 -29
57 -24 -12
6 32 -44
-33 42 -33
-13 42 10
-22 11 10
-46 30 -35
-21 10 -50
9 -2 -20
-27 5 21
-36 57 -24
-8 -51 -32
-21 -33 1
-25 56 22
-52 -41 -30
39 15 14
-46 25 47
25 -43 -60
44 -33 -9
-27 6 5
52 9 -51
35 -12 -40
59 36 52
9 -53 -52
7 30 -16
31 -32 -60
41 9 -45
57 -2 37
-20 49 56
-10 -2 -42
3 31 47
1 -28 -33
-11 54 9
-57 25 -24
-49 -24 -12
27 50 -29
44 29 -53
58 -50 -7
35 46 -4
-12 -27 -33
7 26 -33
32 42 13
-7 57 -29
9 -52 15
-59 56 54
-44 -17 -46
-10 39 39
-60 37 -43
-22 26 4
-57 40 -8
39 35 59
-2 28 -17
-60 59 16
-46 8 25
-6 34 41
-28 37 35
-22 36 -17
10 -55 -34
34 15 -12
-50 -20 -59
-28 47 25
-21 -46 -52
-27 10 2
56 12 8
60 -44 -2
27 16 -50
1 17 -29
54 37 -41
-29 36 -3
9 -52 -14
-25 11 43
5 26 -32
8 -13 -49
45 4 -11
57 34 -17
-27 45 -58
43 28 -30
5 4 -49
-6 16 44
4 6 4
-6 -53 1
40 16 -28
-51 -39 -7
13 -30 7
4 56 -38
16 55 -14
-18 14 -46
34 10 51
14 23 57
22 58 -16
-7 32 25
-11 42 -13
-32 41 7
-24 7 -41
-54 10 -29
35 4 8
33 26 -53
8 47 -12
-38 26 -36
-54 -7 37
46 -33 -39
39 44 -54
-33 -52 57
-28 -57 52
48 23 42
15 14 21
54 -23 -50
16 -27 -17
57 34 -59
29 47 7
45 41 -2
15 10 -30
-18 -45 15
-20 -2 1
-30 6 29
-21 -52 26
-2 -11 -53
-45 -24 14
48 45 19
-45 42 -17
31 -53 59
-38 -49 -60
-55 30 18
34 -5 -50
57 34 22
-43 -13 -51
-2 25 -11
14 58 -1
-22 -27 -30
60 35 -14
-46 38 -46
15 3 54
-23 -53 59
45 42 51
51 -55 17
42 -58 6
-32 -52 38
23 -53 4
15 47 -11
5 56 47
42 50 12
-14 46 -38
59 38 46
16 16 23
58 58 -27
-43 -47 31
-45 5 10
-6 38 37
58 -20 56
43 31 16
-29 44 22
56 -30 -4
49 40 -28
-33 -12 -4
-17 -30 -1
-37 57 40
11 47 20
-51 48 11
19 42 52
26 -19 -11
-34 -4 6
-17 11 50
39 -32 25
-55 25 -51
-36 -57 -36
31 -2 34
42 10 -60
41 57 51
35 40 -27
32 9 45
12 -48 15
51 20 7
21 -10 31
-56 44 -27
3 -55 46
15 46 50
-21 14 -2
35 -32 -21
5 49 -16
-29 43 -52
7 4 -45
-54 -4 57
24 8 58
-7 15 -11
25 4 25
42 -21 34
-36 43 24
22 4 -11
-20 -8 -35
19 22 25
14 49 40
-4 48 -39
42 -27 -48
-60 49 -54
49 37 -27
16 -57 -56
-55 58 44
-11 57 57
-12 -7 -51
-20 39 -49
-34 50 29
58 -34 18
32 16 16
27 -40 50
-18 -2 -51
-27 -16 -28
31 35 -17
-2 4 49
-39 -5 37
19 -3 -11
-19 -20 -5
47 9 -55
-54 -27 -6
-4 31 -30
39 -38 13
-19 30 4
10 -30 -11
-46 39 21
42 7 31
-27 5 -37
16 -32 -44
58 40 58
14 -46 6
34 31 30
-39 59 6
-31 39 -5
31 -38 8
38 -23 -17
-13 34 14
26 -32 57
-30 9 2
50 -14 -36
-28 43 -20
8 22 -50
18 -11 19
-5 14 -43
-16 -2 26
6 -2 -20
11 14 -55
16 -38 18
-23 8 44
16 8 -60
-11 14 -53
-24 -52 14
4 -20 4
-60 3 26
18 14 31
-51 -45 19
13 49 10
18 -37 8
37 14 46
-45 10 5
36 -24 53
54 -2 33
-53 -50 -1
-46 30 -41
-1 18 54
-53 10 28
10 -23 -20
40 39 -57
16 42 54
-49 58 25
-11 43 52
57 -17 3
25 59 -46
27 -27 37
41 -53 32
-27 -24 43
40 43 -36
-17 -32 -27
-46 -57 24
-21 48 -31
-60 -9 -45
-60 25 50
18 58 8
-16 26 35
31 -40 -12
35 49 58
3 43 -28
-24 22 25
-27 3 55
-32 -17 -44
-45 -38 49
10 17 -60
53 -52 9
-32 -38 -46
50 -56 26
37 -32 30
33 26 6
-19 5 45
59 -23 -15
13 -52 3
1 -51 -2
-32 36 -22
49 42 47
-30 51 -57
-21 -2 40
49 3 4
12 -39 38
53 54 -46
35 8 -13
42 59 49
-23 52 -60
-55 -12 1
-60 59 -57
40 -38 3
-32 -20 36
14 16 14
44 1 16
5 6 15
35 -10 -59
-26 49 -60
49 -2 12
-25 1 49
59 4 -53
16 9 23
57 -13 60
-28 -24 -24
9 -19 -58
43 -20 -33
9 34 35
15 8 31
56 15 -23
43 -9 -52
-38 -50 16
-31 47 -55
-1 -52 -48
-57 16 41
53 59 -23
19 -28 -54
-13 -18 -31
-33 57 -9
3 35 -30
41 48 -38
5 -2 4
-54 59 -17
34 -52 54
-24 43 -8
-2 16 57
-23 37 25
-53 -39 47
-23 -60 -54
41 15 -28
34 5 59
-24 36 -9
49 56 -60
31 -43 44
-7 42 -26
-59 52 56
15 43 26
9 -29 -23
-35 -17 55
-38 39 -11
35 -21 -24
-7 25 7
-17 -55 -36
-14 6 35
38 -23 -40
53 22 -13
36 33 58
-52 -24 -9
10 -53 20
-58 6 29
50 -32 9
7 -58 -5
-37 58 -17
-52 -8 -52
-24 12 18
-46 26 -60
57 -32 -35
19 -55 9
-9 -37 5
-52 -54 5
-46 12 -27
-58 -37 8
-46 25 17
-59 59 33
3 4 1
7 -34 -47
-40 -8 59
19 42 -46
13 -14 -38
17 46 -38
26 -23 31
31 49 -2
30 -10 -29
48 -5 -9
42 -36 39
7 -52 -21
3 3 40
31 -11 39
31 12 14
58 48 -21
-17 -13 4
-52 39 -50
57 -33 -24
-60 16 -45
-29 -32 12
-29 -30 7
41 -52 -7
58 47 -56
49 -15 -45
-13 -21 -23
31 39 50
40 -60 -29
40 -42 -53
-53 -53 -29
42 -26 -38
16 -1 5
26 48 -46
-11 35 -30
57 31 -17
-32 47 -36
-29 -34 38
-8 56 -11
9 23 16
-51 53 41
39 57 9
-3 -55 -45
24 -11 -32
-20 56 -17
34 -38 21
8 36 41
23 50 -38
-53 49 46
-33 -45 49
19 -41 38
-52 9 53
-21 47 48
59 9 54
21 22 -47
20 47 -52
-33 35 43
49 14 -30
-53 -29 39
-27 58 60
40 39 -43
40 -2 47
1 9 48
-40 29 -17
15 -58 -30
-1 41 -22
47 50 -37
39 3 -59
7 -60 2
-23 3 -10
50 2 42
-8 49 -23
28 -17 -51
14 -52 22
16 -54 -47
-24 15 -49
55 -10 5
-28 -11 -27
58 -41 33
45 -54 59
-34 -45 -11
-23 10 -26
4 49 15
-2 -33 58
55 -51 -30
-36 47 -13
47 -11 -46
-24 -23 -55
34 -4 -40
15 32 6
-60 10 43
42 -60 6
22 2 59
-12 53 58
42 1 10
-51 51 14
-54 -32 -23
34 -38 18
-13 -21 58
-29 39 31
-8 21 19
4 -28 26
-57 20 19
40 -23 8
9 -24 22
9 -28 40
35 -28 -15
7 4 58
14 39 1
-3 -28 18
-55 -12 -38
-13 -33 -53
46 47 20
-51 16 43
1 8 -17
42 -33 5
18 -24 60
-38 -14 -22
42 57 20
-35 51 -46
-25 -17 -42
16 -2 -2
47 -40 10
-23 15 43
-11 53 20
36 26 8
-1 -54 20
60 14 -14
-53 -28 -55
-55 43 -27
26 -54 -38
-59 25 -4
56 49 23
-36 -60 -12
-23 -46 -14
40 -57 -13
16 14 24
10 51 29
-34 -22 3
-55 44 -19
5 34 4
18 12 26
-33 44 22
49 10 -53
8 54 15
16 -51 -54
-31 -47 14
51 -52 -25
1 16 -32
59 43 26
29 -28 -12
47 -11 31
6 -53 59
-17 -24 18
-45 16 60
47 -53 10
-46 42 19
-43 -8 -13
40 56 22
17 28 -33
31 8 -24
25 24 52
35 -1 46
12 -38 -24
15 59 -18
-36 29 48
-16 23 47
-29 39 -38
57 15 39
-54 -51 -6
-58 -55 -5
-24 41 10
35 1 47
16 15 15
-11 -55 1
-52 -45 18
56 15 26
34 -32 -36
-21 -6 49
57 -32 -2
40 -7 -49
36 -28 -38
-19 -38 14
-6 -54 -19
-25 -44 49
8 37 50
35 8 -29
-23 10 -33
59 34 34
-23 -23 16
-34 26 -6
-53 -52 -52
-32 -33 58
35 58 3
9 -21 42
-11 4 14
-16 6 12
14 -15 -52
31 34 38
-28 -52 44
-59 -38 12
-38 7 53
-45 -13 -38
38 -23 57
-55 3 -21
4 -14 -32
-14 22 58
26 56 -46
12 -55 22
-28 -13 -10
31 -30 48
59 40 6
-51 10 -59
-21 21 51
50 -48 19
31 -45 -24
-60 23 -53
39 -46 45
-52 -26 -47
-21 -40 -53
31 -30 -11
27 42 -24
58 -26 58
-41 13 -27
17 -43 5
4 -46 -13
55 -52 39
9 22 1
-42 -54 4
41 -32 -21
-42 19 -46
9 36 16
12 -51 19
-46 -44 46
51 -50 -51
50 -31 -50
4 39 8
32 14 14
34 -55 44
-13 15 56
49 -33 58
-2 -38 38
-35 16 -54
19 -11 -58
-11 -24 -44
-4 15 -26
31 -51 48
30 19 -54
53 -53 13
14 5 -17
1 44 -5
15 -31 34
-7 34 -6
-32 22 44
29 -36 -42
15 12 39
-23 28 -31
47 -52 5
-45 34 -45
49 19 56
-56 -18 -51
18 -60 51
-23 43 -2
9 -29 -21
58 53 -34
4 56 41
42 59 57
-38 44 59
34 -54 -30
-33 -38 -38
39 39 39
37 -36 -13
31 37 -51
8 -13 35
12 53 -52
56 3 37
-7 -55 8
-13 43 22
-21 19 40
57 -34 57
-17 -24 3
-33 47 42
-27 26 4
48 4 37
-30 29 -20
49 42 -11
-41 -27 22
59 15 42
-53 25 16
21 54 -2
18 57 52
7 -48 48
9 49 45
-2 17 55
-52 15 15
5 40 8
-14 18 40
-53 -55 9
-38 35 -58
-28 -17 6
53 28 -27
-60 -17 48
-20 -24 -42
51 -5 19
42 34 -25
35 22 58
12 26 50
-27 -42 -21
-17 37 5
43 8 10
-15 -36 -31
14 -54 -29
40 1 -50
-60 34 25
9 -7 -22
-24 46 -30
-25 -56 -51
-5 -23 -1
14 2 52
18 -11 42
28 -45 -9
-26 -29 -38
36 9 31
52 -20 54
56 7 -20
31 -54 47
49 37 -27
-36 4 -28
28 -56 -24
-37 -30 -28
-39 35 12
-21 12 -20
31 19 8
23 38 12
-23 8 56
12 59 -46
-52 42 34
12 -13 17
-5 -50 -23
-33 -2 25
16 25 6
21 -32 -12
3 -54 22
5 35 30
-33 26 -36
-2 2 -27
26 9 35
18 -52 20
-31 27 43
34 -46 9
-32 7 -1
-10 -2 59
39 -44 3
-11 2 49
9 9 -20
-24 44 41
-30 14 56
45 34 -28
-21 -22 -21
-40 -57 -23
18 -22 23
21 -55 49
7 -21 -40
10 6 -51
42 59 49
17 46 1
-51 -55 35
-51 42 35
-27 20 31
-3 -13 -40
23 44 -60
48 -33 48
-51 -55 -44
30 -36 -17
41 -3 -51
-37 14 -52
-49 -1 49
-21 -33 9
55 49 19
-16 28 43
-32 25 -11
6 -41 12
-21 50 -2
-20 12 24
38 41 59
19 -28 47
40 -15 -13
-20 -45 -10
-11 12 3
-20 15 -11
-59 14 -11
-56 55 -2
-19 4 -21
25 -52 24
-18 -55 45
-15 -19 -60
-55 -20 -38
7 19 27
-30 3 3
-33 46 -28
19 -21 -33
-35 38 9
-57 -55 -5
-15 -60 13
57 -13 -33
58 -10 23
44 19 42
-9 15 36
-40 -4 18
-32 -2 1
-32 -52 -45
16 -54 -23
-11 7 35
-58 -32 -6
-38 7 14
35 10 -28
-32 54 20
37 -35 1
44 -32 -54
-14 44 55
-36 59 18
-22 -45 -21
-34 -56 34
-25 -21 -44
-52 7 31
59 14 18
3 9 35
25 6 -21
19 21 1
-2 -17 -53
-58 -34 1
31 48 46
-8 50 42
-45 -56 12
37 44 43
27 -53 -57
-52 55 1
-52 -34 -24
-23 16 -11
-13 50 7
42 5 4
-51 -13 54
-18 9 -41
12 60 24
8 -33 56
4 -38 -11
-6 31 -43
1 -49 -26
-54 24 -4
31 -18 -1
20 -54 10
-42 -31 -60
49 4 26
12 40 25
44 -48 -45
-60 -55 -32
41 22 59
35 -13 5
58 26 34
57 -2 18
-21 -43 -28
42 -39 44
17 45 -17
-49 43 -32
-36 18 -36
31 5 54
22 -24 10
-60 -46 57
22 39 -5
-13 40 -56
43 51 -7
19 29 40
-52 -55 5
48 -41 -45
-33 -42 -35
1 40 5
-15 15 19
-18 -26 1
-50 -30 -21
9 -12 3
34 5 19
57 -51 -51
-23 44 -11
56 -30 -4
22 16 22
50 22 6
-24 37 -23
37 47 -27
-32 58 -2
-11 48 -28
40 26 7
-32 36 -11
5 -51 40
-51 3 -46
-23 10 58
48 1 -54
59 35 9
3 -21 40
-51 -22 -4
33 -54 -21
-36 1 -21
25 -27 56
60 6 -10
-2 -42 -31
14 16 -46
10 -7 -48
-57 59 -7
-36 12 14
-10 12 32
-32 -39 1
-24 40 -52
42 4 42
43 58 -36
33 -25 -51
4 47 -36
49 -33 15
-45 -9 40
40 49 4
42 -26 58
-55 -29 56
-13 -32 16
18 -58 7
44 -45 -37
-36 -46 6
35 1 -23
-53 48 31
41 -32 -28
18 -47 -52
25 -48 6
-28 27 16
-22 -3 5
48 15 52
-60 -50 17
18 -52 -31
-23 12 18
7 34 42
-36 18 8
10 59 53
-46 44 17
50 -54 -1
-29 -17 -32
10 -44 35
-36 -35 -20
32 25 -45
-54 35 37
-39 -21 39
22 51 58
49 1 -53
-31 4 -55
-9 21 -29
44 48 -28
8 50 31
40 -51 16
-33 50 -29
-6 -38 22
29 35 52
-51 14 20
49 -33 -21
8 55 17
-15 -6 12
9 9 41
39 -39 -17
-45 -54 -29
-53 14 -21
36 8 1
41 43 31
9 50 6
-34 -21 -38
49 -24 54
50 -32 -11
5 14 -50
48 -46 25
22 5 -7
-26 1 -7
45 -25 -60
-11 49 46
1 -11 59
22 58 -30
6 3 -19
12 25 -33
-29 -21 -59
39 -56 -11
-11 7 21
12 -55 -33
-32 17 -16
5 -36 36
-27 44 52
37 -53 18
-34 -16 49
44 24 43
-60 37 -24
-4 25 47
16 -17 57
35 50 -60
27 34 9
47 52 42
-52 -24 26
2 -20 56
-46 -29 12
29 -27 10
13 -31 -38
43 -13 42
12 -29 35
-45 4 42
-5 29 35
17 -52 20
14 -54 -17
6 -37 23
-24 -30 -30
-13 -41 -23
-2 45 -13
41 42 44
4 15 -54
-57 19 55
-51 10 5
-38 -24 -54
-6 49 15
43 -37 48
5 58 59
-51 10 26
18 -2 -23
58 -28 -49
42 -45 -13
48 28 42
-28 34 -9
-58 -27 31
3 -41 -20
-17 -25 53
56 20 -55
26 -39 -57
-36 -49 10
58 -53 42
21 9 -8
26 35 47
-23 22 -53
-34 -30 -30
-51 -15 36
-1 -11 24
43 19 57
-11 39 39
-46 -28 3
45 25 49
22 8 48
-19 48 1
-40 -4 7
35 -33 18
-53 40 54
35 -7 59
51 -36 48
-4 -59 16
-46 33 37
-13 48 21
13 1 49
-12 9 -8
22 -13 -27
43 -38 31
43 22 -57
47 -29 6
-54 -38 16
52 -38 47
-23 35 7
27 16 -22
47 50 -34
52 28 37
-28 10 41
19 39 -20
-26 6 11
48 -27 11
18 42 -37
-34 -30 57
25 7 25
30 -2 5
-33 43 48
39 -27 -38
-51 -11 -35
-49 22 -10
39 42 43
49 12 -28
49 -43 -54
-16 11 -11
-34 -32 43
30 -13 41
48 11 10
19 6 47
14 -51 16
-38 6 59
31 18 1
41 44 1
2 -28 -5
-21 50 -33
39 13 -3
2 -4 10
-12 -43 26
40 -7 49
-43 -21 -28
-35 -53 4
-28 5 -15
56 -21 47
-57 -40 -60
58 29 -42
52 31 3
-32 -54 -49
-23 8 11
-29 26 -53
-54 37 -51
-55 1 41
-46 -58 -47
-36 4 -27
5 -45 57
42 15 40
10 -32 -53
22 18 56
-29 -27 -29
-28 -47 12
-32 -55 38
8 -54 42
-31 47 5
34 -23 58
27 -45 -28
-51 -37 50
-44 8 56
32 -20 39
-17 22 -29
36 15 -20
56 -51 48
31 -7 25
51 8 -18
49 -16 19
-18 -9 8
-7 57 25
-55 6 4
-7 -46 -42
12 -37 -33
12 49 -33
55 -51 -48
-2 -47 40
19 -20 -51
-13 -59 60
45 10 44
-55 -49 -6
13 -24 -45
41 -14 11
25 -52 48
-38 -47 -6
-23 41 28
18 -2 -35
42 49 8
31 -17 7
59 22 1
1 -13 12
-60 -22 -52
34 -60 -4
11 23 -11
2 19 -10
16 -46 39
14 1 34
6 52 50
40 16 -24
10 -51 -56
-44 -41 44
21 47 -30
-28 12 -2
-20 10 40
10 -13 50
57 48 41
39 3 26
-8 44 36
59 -32 -54
-51 54 21
-1 25 56
-16 50 8
-11 -36 -29
-38 -38 43
-20 -4 -3
10 55 59
-29 -38 -32
59 42 -10
-29 14 18
18 -55 -36
43 -18 42
-52 -32 -19
-32 15 -32
6 -41 59
42 39 -21
-35 -21 11
-47 24 -24
-23 10 43
42 59 -51
-36 27 -34
26 -60 -2
9 -46 38
9 47 42
12 -27 18
-54 -12 30
-28 -23 12
-60 -23 34
23 -55 -12
-9 -28 -54
-56 -60 -14
3 7 -9
-28 18 -2
-31 -8 6
-21 57 42
14 39 56
55 18 -57
-7 33 35
31 23 31
19 11 -3
22 47 7
26 5 17
26 9 -55
-55 -55 -21
-21 -45 22
-5 -34 -30
25 -32 22
3 16 51
-55 7 -17
5 -14 43
15 -50 -53
18 -36 -5
50 -7 1
48 -54 -60
59 -11 -60
-2 19 4
-16 22 -51
25 19 15
16 -13 19
9 -29 34
23 26 56
-21 57 7
-38 -35 -1
-22 14 -45
-4 13 6
-36 19 8
11 -45 6
-25 -51 -55
48 37 -33
19 -3 -22
8 -34 21
-39 27 5
39 -60 -32
50 -32 14
50 -36 -25
48 -38 14
58 34 50
-23 -28 49
-29 -36 -3
-36 39 -32
-55 41 34
-45 41 47
-44 -4 -2
10 -38 -11
-51 -1 56
-24 6 15
-11 48 -40
-46 -11 -24
-21 31 -47
-13 40 9
