0 33 63 55
56 56 15 7
20 44 50 66
49 56 73 29
45 7 71 36
25 38 76 56
13 62 27 15
38 85 51 73
5 83 77 53
87 2 57 67
68 65 58 23
55 17 31 54
7 54 6 76
46 19 54 10
28 54 58 11
36 2 43 47
60 16 21 69
31 92 32 46
63 58 40 62
47 56 75 61
23 83 7 10
92 88 36 21
58 42 72 49
28 6 19 46
66 40 58 70
79 96 19 72
3 93 18 61
97 86 34 23
16 32 22 66
58 83 48 65
74 4 25 76
75 0 1 72
66 68 0 11
63 22 14 35
77 24 63 28
51 37 9 22
97 55 51 43
97 33 62 31
75 38 75 75
39 88 10 55
8 71 56 7
11 74 32 70
49 40 2 48
31 45 55 71
77 87 12 59
78 37 5 16
95 97 64 47
44 91 24 73
78 50 21 44
80 59 36 65
45 4 48 29
18 61 10 72
66 23 25 57
10 2 12 27
91 90 25 54
74 83 70 50
8 94 24 37
90 49 65 11
53 64 72 48
28 80 73 15
13 92 64 71
90 16 38 19
17 17 38 65
38 64 13 5
77 17 69 32
71 6 44 46
51 43 37 1
81 62 19 63
15 71 42 68
3 82 67 49
42 11 24 5
20 11 65 61
65 27 61 41
0 79 42 38
47 51 45 24
83 61 13 41
25 99 56 28
54 80 5 52
54 84 11 61
77 30 18 49
38 88 36 23
7 8 74 46
86 80 54 34
69 95 76 41
99 27 58 29
58 41 29 31
78 60 38 30
76 26 19 47
43 63 10 60
1 0 41 41
1 60 68 21
25 50 62 36
44 10 10 62
70 98 71 20
50 53 70 16
41 87 27 61
33 30 15 60
4 26 55 64
39 33 64 67
58 7 39 0
78 82 43 28
70 32 75 18
31 5 32 46
20 86 36 52
1 88 78 28
59 72 7 76
84 87 30 40
93 72 54 51
32 66 1 76
62 85 14 61
50 97 79 41
11 0 60 5
70 30 32 50
20 97 56 67
54 83 2 54
53 87 45 61
26 38 12 62
39 92 64 23
56 23 74 8
49 76 78 17
1 32 40 17
83 44 54 0
67 73 65 22
43 81 18 73
28 6 61 15
27 9 47 55
29 72 10 73
21 8 49 32
44 66 29 41
57 98 6 28
75 25 19 15
7 4 50 55
43 21 2 78
87 36 19 69
47 64 32 32
30 4 37 24
47 74 0 53
64 60 43 40
50 5 25 42
89 0 14 54
66 32 57 10
48 16 0 76
23 20 7 15
75 98 55 38
27 30 42 32
75 14 21 68
56 87 49 60
92 7 40 50
80 41 3 10
66 88 10 60
76 72 4 4
63 42 79 9
95 34 78 3
55 84 33 32
29 39 55 59
65 5 73 42
50 47 4 6
1 59 23 49
23 47 46 44
86 76 34 29
68 3 7 31
82 99 7 66
79 45 46 4
19 69 19 26
43 68 22 25
65 19 79 72
78 28 46 60
28 71 4 29
51 76 58 39
47 4 7 28
38 85 72 52
42 66 52 14
50 26 49 22
39 19 3 8
34 38 53 3
12 94 13 31
23 69 27 34
38 12 59 74
63 92 25 68
80 48 27 46
64 81 78 77
11 91 11 29
46 74 16 67
17 81 59 79
80 3 3 54
70 75 33 73
1 90 2 21
21 4 39 2
47 87 17 55
41 34 78 65
22 73 16 4
62 99 31 62
96 86 63 75
15 4 3 43
48 62 61 15
92 1 32 22
37 75 24 61
74 79 32 53
16 64 22 31
10 0 57 16
9 55 52 77
1 30 24 1
5 1 42 42
25 5 44 7
46 19 32 35
72 69 62 67
93 86 70 20
62 61 62 64
21 89 0 43
91 78 65 35
1 20 27 53
59 71 2 75
88 6 55 11
19 77 72 40
81 45 45 11
86 59 70 47
83 92 63 55
59 77 56 73
43 68 58 4
71 73 47 77
31 84 28 79
7 9 71 63
40 65 0 31
49 12 14 14
56 11 32 73
76 36 14 75
20 96 74 48
56 37 40 59
31 79 67 45
31 59 54 18
79 69 46 27
58 54 73 6
53 4 51 68
42 3 10 50
86 81 17 9
10 52 57 17
25 0 24 16
54 27 28 39
66 35 56 36
26 4 65 20
7 46 64 19
59 41 49 42
53 89 76 57
50 57 55 2
52 68 77 1
13 23 49 18
26 70 78 2
25 8 61 52
97 51 17 77
91 39 20 37
13 62 30 42
21 25 65 23
5 48 49 16
12 30 72 39
11 14 60 30
21 42 54 47
88 53 73 36
36 87 1 33
25 21 55 45
42 2 28 15
16 79 47 7
42 87 31 12
5 79 67 4
33 31 33 71
48 76 32 40
94 19 57 39
82 87 71 59
95 12 53 32
14 32 74 5
71 15 12 76
91 83 70 61
88 21 14 51
53 6 60 8
6 46 58 7
35 43 70 10
78 14 60 26
48 73 56 26
86 98 9 63
3 61 31 19
93 12 52 74
90 98 60 37
70 99 79 70
92 58 41 9
9 50 71 49
83 54 38 3
29 46 44 11
53 85 42 39
9 14 70 74
54 46 69 75
8 56 78 34
69 38 50 27
68 40 14 45
8 98 61 72
23 59 30 32
15 38 6 5
57 45 25 51
39 57 56 25
42 12 26 66
3 94 2 21
18 75 48 1
78 16 36 57
91 36 74 37
38 88 39 74
50 67 46 23
88 36 12 33
62 13 34 21
96 66 23 46
96 9 46 3
99 16 78 6
37 45 49 26
21 10 17 48
9 92 77 13
22 82 5 63
44 51 30 20
22 81 76 48
4 39 9 73
43 15 28 31
61 48 68 39
30 1 79 41
55 52 14 33
54 83 65 35
68 50 10 51
8 4 66 11
81 42 59 31
57 94 10 30
59 64 0 6
22 12 43 57
62 89 55 64
21 12 71 28
64 17 39 59
92 13 54 36
71 20 35 52
31 99 58 70
29 82 69 8
48 55 6 74
21 45 77 8
71 55 22 53
80 41 55 25
7 9 38 43
78 64 19 26
71 14 30 52
46 72 16 9
58 36 21 64
78 77 45 56
60 20 65 28
39 42 44 75
39 45 39 6
48 47 16 70
55 69 79 72
47 53 65 79
41 14 27 1
98 79 35 14
38 21 9 42
10 63 19 76
86 7 34 54
25 41 78 73
48 84 73 19
53 50 35 58
41 36 61 4
72 74 48 75
13 27 54 48
88 41 72 51
43 22 67 79
40 31 35 61
1 40 76 32
85 49 78 61
76 20 0 5
18 67 31 53
80 29 74 60
87 89 38 72
15 3 47 47
83 83 74 45
79 67 10 14
1 17 4 11
73 50 18 61
12 47 47 68
79 48 34 65
15 46 65 50
2 88 8 75
17 88 1 76
58 13 28 65
47 14 1 70
60 60 23 26
0 8 53 59
17 34 69 54
18 86 14 56
3 83 79 43
63 6 54 20
3 35 78 27
57 35 4 51
50 97 31 22
14 5 67 52
66 98 6 34
89 77 38 7
20 27 68 42
21 2 61 22
36 7 29 4
54 27 78 38
27 29 57 31
5 37 54 55
29 70 74 54
12 28 4 33
71 54 72 58
37 15 76 44
60 20 51 2
57 31 47 35
34 6 14 19
17 76 6 15
62 82 23 39
0 94 53 69
54 93 32 53
18 88 53 59
77 43 46 53
71 75 65 61
15 46 3 21
88 6 56 22
43 53 2 16
61 14 74 61
6 25 58 38
79 65 73 30
50 0 66 44
81 23 31 21
99 68 61 34
16 6 7 1
5 21 5 17
70 89 21 22
75 26 44 74
28 2 54 70
90 0 29 15
85 30 79 21
15 49 45 20
37 69 57 37
75 96 67 78
59 91 73 75
13 90 20 35
71 68 35 42
53 47 46 67
26 70 27 7
62 96 7 38
54 4 50 1
35 69 22 33
42 55 57 69
26 0 37 21
26 0 1 16
73 48 7 28
93 22 39 67
16 64 13 21
36 12 63 74
97 71 48 74
41 89 70 10
48 74 29 42
73 5 5 28
79 18 52 72
94 62 78 54
55 67 52 42
80 22 14 6
50 53 62 5
15 50 68 9
53 56 78 4
43 85 60 66
87 1 46 33
60 86 53 23
15 68 72 45
10 89 69 55
32 23 72 16
93 53 33 79
47 80 72 44
1 72 1 52
65 35 54 62
68 45 21 38
74 41 19 4
44 95 35 72
40 71 40 24
46 45 10 64
71 81 34 58
3 93 52 20
84 13 21 35
20 44 57 69
7 69 13 20
0 84 9 40
80 34 30 14
64 62 29 63
34 70 73 54
99 43 45 65
78 7 57 28
92 41 30 47
93 97 78 61
86 29 67 27
61 40 57 76
42 23 34 6
52 82 10 5
7 20 63 5
0 62 3 51
6 11 0 71
81 63 62 7
5 30 74 68
81 59 45 71
96 77 79 31
28 40 7 36
85 49 78 59
37 36 7 35
31 85 42 22
89 27 71 13
54 39 2 77
17 74 45 67
72 2 59 13
53 93 65 78
27 59 28 76
83 51 4 35
54 46 74 12
15 79 10 50
4 27 34 66
36 68 43 0
59 66 56 53
76 77 52 74
98 70 77 14
45 53 78 1
95 0 77 3
7 42 41 79
2 21 23 76
77 47 65 22
48 24 6 62
28 20 63 56
79 77 52 12
89 92 48 67
77 21 14 49
25 29 76 74
13 3 41 73
21 69 7 51
73 51 17 17
71 70 14 26
52 16 70 42
12 10 68 58
48 1 66 53
65 64 3 46
98 56 66 12
93 54 65 44
1 94 52 34
41 65 63 21
83 92 21 55
52 48 63 21
95 61 43 77
22 20 41 45
97 9 27 47
85 19 7 2
94 18 74 17
40 15 45 70
72 22 58 79
67 17 23 74
12 66 42 58
26 43 66 24
23 93 34 33
58 32 37 47
31 56 54 72
70 37 27 2
69 18 14 70
24 32 23 39
76 85 23 18
45 63 18 19
34 60 57 3
82 98 31 62
82 37 17 36
7 79 20 45
87 15 10 16
60 88 53 23
61 18 49 60
28 2 7 21
71 24 59 36
20 26 37 48
18 22 9 15
73 48 35 49
95 20 77 76
26 29 62 65
22 48 24 11
42 69 21 66
88 91 51 22
40 78 56 26
98 6 20 32
29 12 72 70
58 81 23 33
74 98 22 32
29 20 49 2
14 56 59 1
11 15 22 5
13 6 1 40
6 87 32 19
57 65 28 55
69 65 12 41
22 59 23 30
31 51 60 39
40 7 65 18
20 73 78 38
94 6 33 5
87 61 70 2
9 70 65 14
99 65 23 16
49 0 74 25
49 73 72 40
77 60 0 78
88 34 76 54
0 8 4 48
5 11 3 1
43 22 3 73
75 80 79 33
93 13 64 63
91 38 51 79
75 1 62 41
51 96 0 72
46 70 31 56
41 96 37 16
79 71 26 18
78 14 53 52
78 72 76 6
81 74 70 56
43 14 74 77
9 78 57 21
63 41 71 47
4 36 28 76
8 68 36 3
21 87 23 73
83 12 31 41
16 79 9 50
1 38 16 8
66 21 71 5
58 14 72 75
73 51 20 35
24 39 50 19
64 32 28 72
42 52 7 31
31 17 29 36
85 34 40 3
32 23 35 66
59 85 76 72
52 22 59 35
73 21 24 19
90 21 50 52
38 32 51 21
24 82 74 10
87 66 42 58
93 76 28 65
50 84 47 74
27 1 15 60
60 48 13 18
40 4 13 72
31 36 8 1
55 91 44 17
42 84 3 58
21 38 17 36
7 43 32 5
17 44 48 47
78 81 18 32
78 55 4 45
8 89 3 21
33 88 57 29
49 47 14 28
4 73 24 39
45 75 43 4
42 9 73 54
79 23 0 6
2 48 16 9
94 30 49 34
6 22 22 78
25 76 0 70
98 56 25 79
75 25 3 4
83 78 79 23
74 93 26 75
84 22 18 79
2 77 56 37
14 96 8 68
97 3 79 58
2 26 27 29
70 65 25 45
0 79 47 77
35 33 79 12
19 11 17 29
15 62 53 73
71 47 76 56
95 91 25 75
82 89 66 78
49 21 29 16
69 54 14 36
77 86 56 36
63 85 63 58
65 48 39 61
56 52 62 12
78 0 29 2
87 95 78 58
20 89 62 42
90 16 18 69
86 61 72 35
0 34 41 75
13 30 78 56
38 44 57 12
83 91 30 53
73 15 67 64
20 87 29 70
72 35 21 59
19 1 3 62
70 29 4 46
31 57 74 34
4 10 78 46
55 16 52 74
16 79 72 26
48 57 21 28
41 96 5 27
17 44 60 36
57 94 26 34
34 81 24 29
23 43 77 53
61 67 70 20
74 0 47 16
65 59 42 46
20 87 73 47
55 72 13 45
22 61 32 3
90 54 20 31
96 15 16 11
86 14 59 43
75 23 31 37
85 31 74 38
59 23 53 28
57 31 12 60
68 93 48 30
27 89 79 35
54 3 54 44
18 15 5 54
31 81 32 7
55 29 15 21
12 4 73 76
45 78 52 73
4 58 37 22
60 28 58 44
48 75 2 57
13 53 70 2
53 40 62 26
48 75 42 22
7 71 57 39
64 16 74 9
46 47 43 55
84 15 11 7
58 65 23 10
22 4 13 49
7 62 75 38
26 32 61 58
22 77 0 22
63 1 42 70
67 86 22 9
80 7 9 51
91 94 13 39
86 22 56 31
7 29 77 63
71 46 21 16
3 62 64 16
38 39 52 71
20 58 37 2
19 10 1 48
51 51 51 74
73 58 0 7
15 28 16 4
88 75 23 19
44 73 55 62
16 18 24 22
91 37 48 38
5 26 58 79
94 43 21 35
40 19 0 71
14 45 51 3
53 37 0 58
70 52 38 46
51 84 34 46
82 60 19 10
83 64 78 32
3 73 43 57
26 70 74 40
28 21 4 59
4 88 6 19
46 81 41 70
66 27 35 72
33 15 24 14
56 97 52 61
45 8 16 78
62 85 10 19
61 59 24 9
27 69 66 7
56 8 52 13
28 90 77 77
90 86 60 60
14 32 64 17
23 8 70 17
5 13 62 75
27 14 7 7
38 2 59 76
84 67 72 25
69 87 2 63
57 53 44 3
2 19 15 53
49 64 35 48
3 44 24 54
76 96 49 59
11 3 69 40
22 96 68 71
45 52 76 3
75 1 62 50
80 72 21 0
56 52 21 35
94 43 62 79
2 19 51 44
86 68 24 40
74 58 56 0
8 44 9 37
17 97 64 22
22 35 45 54
12 66 20 67
49 13 77 20
21 30 64 36
82 75 70 72
47 12 56 62
41 99 59 55
83 74 17 4
4 84 34 42
90 15 51 6
98 58 46 70
88 16 74 52
8 85 6 29
14 79 79 18
56 98 77 71
66 81 23 64
89 37 42 55
84 62 50 75
56 34 74 79
48 10 41 43
40 83 67 26
5 68 42 41
80 23 73 55
77 74 50 7
84 15 51 78
75 22 20 66
27 70 7 76
5 66 10 2
80 13 10 17
69 54 16 1
18 5 5 57
10 25 34 5
92 20 63 29
49 85 76 56
77 87 38 44
14 74 50 30
38 75 12 7
18 89 10 68
81 97 15 26
72 27 60 48
92 74 71 44
78 48 42 50
45 16 65 0
52 31 16 70
72 55 15 42
21 93 3 68
88 89 66 15
31 59 41 77
7 82 77 56
49 66 35 31
7 22 76 72
35 26 16 67
97 18 79 52
30 78 23 76
76 13 38 14
79 98 31 33
40 23 20 76
10 74 27 55
71 64 28 3
25 44 14 72
81 89 17 41
57 36 73 61
20 34 6 25
31 59 6 18
42 15 25 8
75 23 35 4
62 11 12 60
0 46 1 48
30 47 78 0
94 75 30 20
75 77 17 47
14 73 42 18
50 76 31 21
87 51 74 79
67 27 12 5
80 29 47 1
41 54 67 30
6 18 9 45
64 93 43 26
23 98 41 34
68 56 47 79
82 11 66 2
25 63 12 49
99 41 69 67
68 28 64 12
85 8 75 15
73 51 56 39
73 46 15 52
76 55 35 30
60 73 20 17
88 10 68 28
59 31 56 70
84 41 57 39
33 20 26 49
62 16 67 11
21 4 61 3
59 81 76 56
76 92 38 18
77 78 29 45
38 18 1 9
34 4 4 64
21 25 15 35
71 69 37 30
25 73 52 12
84 18 70 56
66 93 71 50
8 1 53 16
41 11 14 25
13 10 55 25
43 76 73 50
42 11 77 16
64 7 39 75
82 3 29 25
86 72 36 3
81 48 50 62
84 70 71 68
60 68 34 46
55 69 32 68
17 96 38 28
47 69 72 33
61 79 7 51
12 53 60 57
42 74 62 9
36 58 18 4
88 64 61 21
34 63 39 58
0 95 8 17
43 16 24 68
65 62 79 6
38 78 18 50
65 47 3 66
56 11 29 68
97 15 18 12
31 0 58 17
13 11 71 67
99 6 72 42
27 70 34 60
67 19 7 0
7 50 49 22
25 84 12 71
82 27 77 51
92 62 38 44
59 43 30 19
83 97 23 37
56 17 3 42
56 11 59 8
39 79 20 12
30 55 73 9
30 6 12 70
83 12 62 4
9 59 52 58
69 3 50 73
88 60 8 20
43 97 14 38
33 86 69 67
72 84 64 12
97 92 58 74
4 1 69 34
22 44 23 37
54 80 78 32
31 90 2 31
13 75 34 13
90 29 23 68
58 4 31 61
3 26 0 37
59 12 4 61
76 10 38 63
69 29 46 44
12 63 18 50
17 53 25 27
34 4 24 8
22 72 46 6
45 18 14 31
61 82 0 79
72 95 47 69
72 10 66 54
45 87 24 69
8 98 76 75
43 54 42 32
73 37 65 9
21 22 14 33
84 24 79 11
82 43 15 53
72 26 23 25
59 28 14 74
86 90 65 23
82 45 72 6
66 37 15 44
