820 495 880 480
316 425 315 428
191 111 194 109
789 347 867 373
384 200 468 298
789 617 789 572
449 788 456 760
736 710 851 687
235 67 277 43
68 352 62 355
945 496 953 520
285 182 345 194
660 104 660 -57
681 56 616 4
518 234 562 212
138 675 -6 699
811 839 721 947
974 889 970 905
227 128 234 142
233 113 227 128
794 394 692 309
417 639 352 652
936 495 932 494
328 318 286 304
410 517 405 537
148 625 274 625
502 743 550 823
863 662 848 627
765 282 765 249
770 180 749 165
384 238 468 298
711 50 813 84
198 253 198 343
276 760 354 838
220 903 238 894
111 874 67 852
164 157 164 85
369 399 389 399
736 806 730 809
163 672 238 697
315 428 311 427
791 564 774 632
628 845 613 880
1055 335 957 405
545 958 559 948
620 451 585 430
955 558 927 474
668 363 578 273
504 170 464 186
63 793 76 767
474 317 394 237
495 852 531 744
49 967 14 962
18 307 51 373
593 178 591 164
300 845 225 740
762 256 754 248
216 788 216 725
493 629 367 701
90 550 80 585
361 661 341 621
987 552 945 528
209 106 257 34
417 206 537 206
410 517 350 477
449 788 473 768
209 582 117 536
775 100 727 92
468 298 468 354
970 881 980 951
373 619 275 591
43 402 43 325
16 368 128 384
949 348 949 264
155 881 95 929
747 313 813 324
665 601 695 541
560 827 695 962
218 301 198 289
828 771 878 711
517 691 495 768
429 298 352 276
664 976 790 1012
949 890 1054 965
820 50 836 -62
990 131 997 135
303 325 359 297
492 228 492 204
336 872 344 848
804 505 815 461
753 1032 705 920
209 351 249 359
47 142 11 100
307 642 328 663
84 57 69 66
184 82 114 96
788 529 804 505
510 87 523 48
992 61 999 103
414 652 504 652
422 691 422 655
710 807 676 688
657 556 693 580
283 900 291 932
742 918 662 1014
907 860 922 835
601 940 503 926
166 543 117 522
521 907 515 910
304 795 334 783
517 691 499 703
596 926 656 926
472 432 475 423
229 531 304 426
518 839 536 815
855 420 925 476
484 618 406 540
793 198 833 150
954 912 969 807
389 909 361 901
763 650 738 475
308 270 329 305
502 98 532 123
363 540 348 537
170 459 170 463
313 916 289 924
398 552 406 540
513 815 551 910
878 728 793 660
474 926 438 968
213 107 223 47
985 528 945 528
88 182 136 86
284 961 169 846
681 556 870 394
520 106 598 80
24 12 84 57
562 671 502 651
309 793 323 814
441 157 532 131
109 458 121 518
466 759 450 747
915 723 847 825
256 632 241 657
109 777 67 753
997 91 983 97
87 464 -74 533
990 131 1038 191
40 693 40 669
657 906 777 826
351 849 346 856
215 872 239 830
962 921 850 985
279 894 311 990
227 125 273 171
414 701 408 683
115 910 241 820
884 585 868 553
648 467 675 458
285 522 208 544
213 847 303 787
328 311 286 304
343 439 418 334
637 294 634 287
440 155 451 177
855 420 785 462
856 479 804 505
282 302 162 282
913 209 836 264
508 664 578 622
405 49 456 49
868 723 882 719
409 47 493 75
944 498 945 496
576 783 486 855
558 437 654 469
484 813 624 713
223 400 223 419
967 61 997 91
273 878 315 914
535 634 526 622
86 307 32 415
212 457 297 491
245 339 305 291
140 410 244 514
183 161 202 275
722 390 746 354
599 262 634 287
701 649 717 673
409 512 410 517
93 229 240 313
721 46 730 82
278 376 302 340
134 788 74 740
630 663 624 651
786 594 871 696
397 550 390 578
855 420 835 420
384 297 359 297
422 265 494 253
345 194 335 189
104 425 71 436
956 479 866 551
656 359 602 323
77 288 1 193
831 452 837 422
78 601 78 715
414 701 438 617
424 584 410 592
890 619 860 655
514 928 535 865
55 876 67 852
765 381 653 445
-14 2 71 53
994 215 1019 250
31 29 57 107
430 264 360 294
585 430 577 422
852 59 802 -16
973 391 988 394
-9 461 39 317
741 705 741 710
589 880 499 880
164 117 168 124
213 598 227 598
553 25 580 -11
938 913 1018 893
862 879 888 970
566 746 524 732
42 403 84 319
490 131 490 111
772 478 758 450
822 588 792 528
489 643 405 699
505 677 517 691
309 793 253 835
310 180 360 200
902 471 923 480
65 358 53 346
77 955 17 895
39 287 55 255
878 268 893 328
152 537 173 531
287 890 263 902
518 122 502 98
-61 869 47 905
331 927 289 941
793 95 758 85
846 245 900 335
426 649 386 659
269 215 237 119
35 213 42 220
909 445 849 485
945 532 945 528
625 340 723 438
958 898 961 907
347 129 391 96
17 895 77 885
1002 968 954 912
77 838 231 816
515 622 410 592
329 305 329 329
747 785 765 803
330 478 343 439
876 317 872 327
879 218 801 309
891 459 856 424
298 320 277 292
986 936 922 888
143 433 143 335
501 935 676 810
455 562 447 558
283 252 250 175
395 285 359 297
718 803 748 818
353 378 398 378
560 805 623 760
704 809 730 809
403 756 414 701
387 649 331 607
359 339 359 219
471 414 482 436
821 -7 821 88
195 870 126 893
791 226 679 290
765 407 717 431
801 160 717 146
692 913 716 841
635 397 725 427
242 901 152 811
28 350 133 440
289 97 238 199
934 714 920 770
650 954 665 909
955 338 892 320
797 543 695 594
756 170 816 242
303 380 318 440
695 857 715 817
337 723 285 853
726 304 663 313
135 297 225 237
504 448 420 424
971 352 965 340
298 720 508 900
792 107 724 226
112 15 84 57
693 580 637 580
45 860 17 895
891 358 877 352
147 709 255 691
474 590 498 626
932 -65 890 5
417 49 477 -1
126 831 144 810
449 919 529 855
184 454 190 436
2 489 -22 481
34 449 2 489
225 132 165 162
744 -15 654 15
875 650 879 648
590 626 548 612
614 939 613 939
703 894 759 824
625 892 625 843
154 230 158 206
27 468 -33 548
798 192 784 184
738 310 777 323
744 807 750 813
192 463 164 463
414 667 428 583
490 603 498 615
918 850 958 898
640 966 577 924
752 281 762 256
381 142 449 159
978 913 942 958
263 315 245 339
848 18 876 11
171 425 220 460
500 689 560 749
1010 548 945 496
721 725 753 701
895 753 961 753
428 727 526 783
408 172 384 204
900 327 848 327
446 140 530 77
476 424 486 484
191 899 227 851
906 38 897 20
997 91 985 67
316 791 302 795
690 214 756 170
764 519 834 489
476 424 486 438
578 622 566 608
764 466 772 478
628 -13 576 78
756 170 762 212
338 653 278 653
459 641 399 721
260 472 315 428
730 809 732 813
517 691 523 695
181 978 173 976
543 585 480 549
891 358 878 436
213 429 248 408
396 701 446 801
972 543 912 463
660 456 534 435
460 507 383 551
37 222 67 210
112 411 84 431
497 1056 372 931
735 374 789 347
689 266 731 182
253 60 239 53
541 936 501 960
842 -61 1010 107
42 596 12 596
61 120 -24 86
780 607 750 577
855 530 820 495
462 675 502 651
229 248 294 339
426 765 426 733
737 905 548 959
386 544 383 551
185 845 101 845
762 256 734 232
396 600 417 474
687 688 717 673
548 915 564 963
427 986 442 961
227 128 304 128
178 86 227 128
364 507 508 651
233 23 211 89
11 986 5 944
334 549 502 573
793 124 723 54
167 484 140 493
413 661 380 606
319 777 280 712
456 750 402 624
877 609 922 555
486 76 514 72
763 675 673 585
186 98 116 126
954 223 994 215
161 171 293 127
778 839 798 859
414 701 384 631
266 601 374 574
440 317 434 296
23 892 17 895
863 517 908 547
150 885 234 933
783 711 823 651
267 925 307 949
259 403 359 478
250 261 236 303
689 597 653 570
506 932 506 872
273 862 303 922
855 6 897 20
823 559 858 580
501 233 492 206
838 140 886 204
838 926 852 954
881 208 877 192
811 908 807 936
38 90 24 76
717 948 651 1025
233 562 224 616
957 405 921 417
191 74 311 14
971 352 991 340
889 485 862 548
223 408 216 443
240 167 288 215
110 415 105 416
972 796 993 768
348 832 344 848
597 146 422 196
343 297 147 381
832 604 871 695
196 897 224 901
399 505 406 540
766 824 843 758
169 973 181 957
3 500 18 475
830 430 855 420
717 803 765 803
527 92 639 60
-21 359 49 275
383 551 387 546
330 828 273 733
945 496 903 496
256 425 196 285
176 177 161 102
1 635 22 635
76 644 1 704
824 247 790 366
456 316 468 298
1034 155 994 215
395 452 343 439
292 446 265 311
801 309 791 307
710 673 721 673
891 358 921 322
1031 392 971 352
924 923 987 965
206 755 254 767
910 47 920 17
157 934 150 885
552 376 492 421
68 635 19 642
90 231 225 339
451 691 541 691
980 215 1057 215
163 483 235 393
468 627 444 507
500 770 662 662
763 266 682 158
250 351 190 351
883 326 896 378
245 831 193 896
423 536 513 644
156 711 78 685
476 660 552 793
891 459 877 417
844 587 844 593
366 344 438 368
206 285 216 291
68 635 20 719
63 610 84 715
435 808 486 842
525 381 609 493
474 151 498 121
722 354 790 354
231 835 251 775
774 70 840 -7
806 -2 822 14
548 809 520 823
792 522 792 550
737 343 761 271
810 868 810 828
810 586 720 550
826 674 868 723
828 179 852 191
859 376 867 352
173 1004 173 927
154 197 199 167
487 560 509 692
229 -44 304 61
693 622 693 538
705 259 701 245
109 791 109 770
856 434 996 534
430 264 440 229
616 275 586 295
880 950 838 962
303 171 183 111
755 536 755 566
236 769 250 775
601 940 601 868
977 11 897 75
964 782 988 786
497 818 521 826
799 538 859 658
161 821 216 788
184 280 234 220
24 76 39 41
762 256 757 254
601 940 574 913
169 907 174 922
989 477 999 483
458 607 374 733
702 919 675 955
190 222 225 237
893 461 891 459
584 983 576 951
656 926 740 890
275 732 254 767
359 297 307 219
208 351 196 353
17 103 11 100
922 55 972 115
894 482 885 461
792 528 831 528
662 893 717 948
337 611 407 651
839 417 827 447
303 683 183 783
496 652 502 651
-36 203 19 225
910 -3 920 17
155 140 71 35
80 15 79 22
869 346 908 268
291 308 396 233
908 268 918 233
922 495 911 462
916 922 972 890
221 59 205 87
750 813 802 826
661 40 665 16
104 550 78 550
263 590 233 665
702 36 789 -22
725 375 725 427
237 475 287 455
48 223 38 218
270 407 205 368
936 495 976 551
620 664 683 622
923 760 992 737
772 802 652 822
937 716 925 708
493 75 507 19
995 884 880 884
876 569 837 556
14 136 34 16
274 475 283 529
570 206 591 164
506 872 548 802
878 743 860 707
811 49 886 4
339 414 387 342
964 880 952 916
496 330 506 300
854 544 806 532
263 435 239 403
143 781 283 901
351 566 429 566
717 948 639 909
45 403 58 338
171 457 162 511
344 848 346 844
90 550 101 605
652 -3 660 13
410 922 361 901
802 165 797 140
421 661 427 661
707 609 653 627
653 652 653 627
585 430 641 470
408 657 450 669
690 347 635 347
252 116 203 123
970 836 930 884
1 635 43 614
789 347 825 377
499 141 520 106
81 679 111 784
441 157 447 187
618 585 693 675
711 387 723 389
64 57 94 57
798 184 756 170
223 693 253 633
997 153 913 209
448 491 412 575
703 880 670 957
919 287 1023 417
276 207 216 291
758 449 680 397
14 388 29 313
478 913 514 823
534 786 610 691
316 364 282 296
531 942 537 946
687 883 687 1037
507 865 521 907
650 954 713 999
212 206 176 248
511 966 551 918
275 247 325 237
84 883 82 880
350 942 434 990
751 168 786 182
342 430 300 332
970 896 970 905
666 634 693 580
407 650 407 651
397 576 369 506
580 844 556 676
507 131 479 271
2 489 -70 477
272 430 237 402
227 128 207 188
771 160 756 170
122 837 126 831
923 24 893 0
132 343 279 448
320 830 340 790
294 853 154 813
297 558 206 610
206 532 226 602
472 573 342 729
104 886 98 890
559 948 454 993
990 916 794 972
236 303 250 303
166 719 40 611
1063 810 973 756
916 477 961 513
478 789 450 747
971 352 971 367
516 320 514 325
530 607 420 541
98 65 14 17
473 875 557 819
2 489 72 461
427 730 400 568
283 900 291 880
483 125 505 15
543 585 559 585
242 308 236 303
313 957 329 973
543 585 557 589
415 492 464 450
933 489 941 505
744 964 764 824
601 1012 531 942
254 989 309 978
812 162 714 176
943 256 1015 238
206 899 248 871
27 397 -85 381
905 316 882 385
716 149 736 114
119 845 154 803
325 237 358 281
82 722 4 657
913 687 933 707
363 423 308 467
284 478 272 520
834 923 782 845
1059 912 891 912
127 61 95 109
902 830 978 849
768 464 800 576
810 828 744 784
679 545 703 605
714 873 774 773
141 219 161 219
867 196 921 250
757 924 717 948
713 266 707 230
691 449 673 413
702 352 630 280
791 294 823 342
549 391 559 341
747 357 744 348
1000 227 986 199
553 13 553 25
970 905 968 897
922 128 967 143
317 912 184 969
905 772 861 772
577 373 637 301
862 548 834 548
51 916 -45 1084
153 554 139 582
438 968 436 961
351 641 442 589
274 618 295 653
502 165 530 235
335 430 351 430
493 75 505 93
570 441 570 466
733 393 759 315
212 247 194 301
890 436 800 331
152 537 163 504
821 660 812 633
400 492 425 477
420 747 432 775
290 393 355 484
402 951 402 971
308 284 332 308
450 747 429 789
812 545 802 495
822 14 858 14
669 870 501 870
849 358 891 344
839 603 797 609
410 432 425 477
576 78 576 69
872 715 861 737
254 475 247 471
922 754 997 804
8 468 2 489
396 480 406 540
791 624 731 524
231 820 287 890
158 276 77 195
896 465 891 459
526 783 561 793
776 919 691 817
799 695 791 699
789 589 784 586
844 587 778 642
539 636 549 628
868 723 907 632
221 587 251 692
420 392 315 302
229 11 228 7
189 891 308 925
914 991 964 961
911 407 867 352
490 682 556 572
812 252 916 382
954 912 1052 926
227 859 227 791
83 111 59 117
706 835 730 843
503 828 438 867
815 676 703 740
68 635 5 653
155 220 156 218
42 596 28 592
541 512 489 538
211 262 211 278
504 938 420 890
776 683 700 683
109 777 125 769
840 584 776 696
392 1065 377 990
128 409 20 481
586 706 584 714
361 901 354 866
623 286 707 230
932 855 922 835
45 722 40 687
817 941 857 981
156 218 150 248
616 898 625 892
747 584 795 552
537 525 589 616
356 781 426 761
216 291 242 278
901 419 957 405
504 965 493 954
283 695 338 629
706 738 751 702
735 854 737 846
968 470 948 494
181 977 181 925
695 736 590 646
462 35 576 168
741 852 735 854
331 943 361 901
1076 427 971 352
974 955 954 943
232 365 247 335
895 687 972 709
802 343 793 289
536 785 506 779
934 496 948 489
964 228 908 268
910 521 945 528
222 808 234 808
752 334 707 274
273 217 283 227
203 294 192 283
179 411 171 425
470 63 555 114
293 311 284 302
546 770 566 746
176 964 173 976
194 227 230 203
217 310 233 390
874 968 958 898
761 333 746 354
513 841 547 892
264 787 132 853
604 439 548 355
280 506 278 499
868 786 868 660
29 719 -29 545
958 911 1026 877
398 535 420 502
4 792 193 765
871 104 761 192
424 329 456 305
993 768 963 718
777 432 891 413
719 203 715 215
21 963 51 1023
188 213 194 227
424 414 420 424
90 303 155 277
390 941 402 953
908 268 916 258
994 215 1010 255
318 653 308 703
-42 478 2 489
569 373 455 297
699 709 678 646
469 93 513 60
628 487 604 439
568 863 512 779
802 383 725 427
753 580 750 587
869 324 872 327
938 297 938 387
985 146 838 104
483 650 539 636
761 537 789 572
767 22 760 17
755 564 785 539
600 921 576 951
455 327 422 305
907 250 949 348
413 558 418 561
932 352 892 320
546 480 537 525
198 289 138 337
155 860 230 960
249 744 216 788
478 817 398 801
473 875 375 777
591 954 531 942
842 803 750 941
748 419 683 341
565 967 617 928
192 96 209 198
250 477 146 607
887 342 872 327
252 116 300 124
896 446 854 544
876 569 878 566
282 501 260 490
104 425 104 435
699 580 832 485
34 355 104 425
800 321 800 371
631 172 586 163
171 237 279 237
453 433 393 508
249 4 186 13
407 556 422 661
816 429 906 465
802 370 746 354
256 572 181 512
801 309 789 273
423 546 431 586
61 16 124 37
534 340 604 298
807 682 751 710
265 307 325 237
558 264 555 261
474 426 409 348
392 355 446 193
947 489 1010 471
114 321 150 279
538 317 335 317
520 236 476 82
468 298 428 288
288 215 360 191
406 540 336 560
822 14 794 14
522 726 517 691
165 518 140 493
604 298 610 277
558 961 673 915
632 305 625 340
169 877 169 917
541 697 522 602
456 911 442 899
17 992 -79 896
508 452 669 406
483 812 518 827
913 209 823 254
108 983 195 780
128 205 200 229
705 284 708 269
505 706 515 704
194 236 216 291
291 200 207 186
19 363 33 335
828 892 842 934
942 824 921 929
185 768 119 845
327 243 299 159
498 946 513 926
812 633 889 644
-31 395 45 395
801 309 811 315
795 790 879 734
551 797 486 875
377 994 377 946
599 456 647 456
391 96 381 126
640 616 626 518
11 963 21 963
181 957 195 971
427 986 443 946
228 7 188 55
707 274 722 268
566 746 534 714
-45 954 116 1046
65 498 2 489
258 229 278 213
750 813 747 815
252 116 308 46
843 194 828 179
414 652 369 742
224 961 224 901
239 134 245 143
62 355 32 265
406 612 410 592
810 812 810 828
653 929 640 994
233 449 208 424
794 915 647 978
221 1000 173 976
25 214 61 268
867 554 876 569
134 474 152 537
514 325 586 313
990 191 990 131
250 175 226 247
673 76 661 40
474 426 485 371
590 461 545 416
877 192 884 199
82 880 75 884
800 331 716 331
604 298 514 328
75 783 75 799
425 608 409 672
223 847 227 851
430 264 475 300
217 559 205 539
647 936 671 908
718 206 733 212
851 -32 821 43
38 684 40 687
171 767 279 929
592 870 652 858
930 628 979 607
589 945 645 931
1 625 1 645
521 367 573 289
526 783 538 807
542 742 566 746
577 457 604 439
397 626 422 661
788 109 821 43
531 942 479 864
856 881 811 908
344 848 347 853
861 348 957 412
753 583 753 580
913 687 877 699
516 408 474 426
656 235 747 313
409 479 461 453
496 757 601 904
795 288 801 309
112 314 172 374
341 393 173 249
381 887 381 909
48 640 68 635
345 194 325 218
502 98 457 89
185 53 281 69
167 225 143 281
154 523 139 493
228 7 256 7
531 942 471 952
978 253 893 372
724 438 824 298
302 807 435 921
357 890 262 890
251 914 287 890
823 51 821 43
490 603 454 627
725 427 704 385
997 91 1017 107
187 390 223 408
800 720 791 699
304 778 277 751
406 259 384 204
421 473 441 403
931 58 916 53
592 870 604 906
278 740 251 713
205 447 145 467
822 216 798 192
231 835 191 795
227 851 232 844
361 907 361 886
940 508 945 528
208 544 110 460
650 917 615 945
14 704 104 764
160 78 41 95
423 667 407 651
800 331 830 361
461 399 476 424
483 868 405 764
564 975 594 915
571 435 646 390
710 549 755 564
454 700 517 691
104 425 156 412
908 268 950 232
950 628 918 628
394 258 430 264
943 284 895 164
891 358 903 358
1080 477 989 477
194 767 306 767
656 851 518 690
220 467 270 507
735 743 765 803
460 772 526 783
435 494 413 461
522 807 526 783
180 448 184 454
650 954 650 930
818 621 937 723
658 441 723 389
156 218 131 218
892 1007 892 944
363 378 315 294
213 429 193 489
322 660 318 653
418 561 426 567
377 990 335 976
232 381 262 561
263 435 239 399
574 284 518 214
250 775 305 841
84 57 109 37
329 305 293 263
441 804 357 804
798 192 796 198
653 627 608 567
985 790 824 905
255 701 225 696
156 875 206 865
691 920 735 854
290 833 164 869
744 660 688 730
513 -45 597 102
294 440 315 428
363 378 428 430
590 999 650 954
221 934 272 1019
334 703 319 708
59 117 58 121
166 640 196 625
67 852 66 847
253 73 220 62
644 58 812 198
264 1041 103 926
936 730 901 772
97 415 7 355
237 -11 222 19
431 402 446 367
31 615 -47 667
165 299 298 394
254 767 246 783
110 783 109 777
680 327 661 384
987 360 971 352
541 820 541 911
539 636 587 672
552 376 552 346
958 898 1028 842
635 956 653 929
354 926 438 968
925 261 897 226
46 668 -2 584
383 509 383 554
482 875 455 875
790 672 895 687
294 932 285 968
1031 572 940 611
895 753 847 809
267 646 282 586
798 192 770 213
294 928 229 876
772 478 790 442
814 902 796 857
497 818 458 727
476 597 539 624
947 949 968 931
421 264 439 264
615 352 681 429
891 459 927 414
884 531 888 541
438 533 418 561
705 259 663 231
110 229 115 229
170 463 261 385
723 389 709 391
277 21 137 -19
894 948 794 973
239 483 299 433
538 224 582 147
514 325 437 347
415 492 440 512
862 576 862 548
701 260 725 316
985 498 945 528
331 204 394 159
196 625 198 635
668 363 656 339
193 896 193 941
502 651 477 646
341 936 377 990
881 340 867 352
-52 55 81 150
854 501 906 553
791 -17 827 55
741 601 695 739
473 875 527 920
141 324 161 224
158 885 147 885
775 441 715 381
59 117 59 91
188 335 260 287
13 375 19 363
893 12 893 -48
798 192 847 185
397 221 394 218
533 684 491 600
543 932 571 960
958 898 916 870
532 766 541 820
530 244 635 319
143 335 176 412
286 288 286 316
479 871 521 907
164 159 200 99
717 673 723 676
934 979 964 969
241 657 301 705
705 259 717 259
562 950 529 928
326 647 266 575
-8 620 167 495
245 814 209 868
365 309 341 261
476 182 506 172
419 633 393 672
803 834 824 816
687 72 771 114
912 503 936 495
424 644 347 589
601 940 629 964
798 901 798 869
379 662 414 652
89 112 137 160
945 528 909 516
841 839 694 797
420 424 440 384
153 57 111 85
795 839 720 749
717 948 741 918
930 884 902 908
235 67 211 25
70 886 166 838
366 647 435 739
943 495 945 496
482 575 490 603
979 895 951 899
94 973 104 958
275 245 135 325
963 983 928 1013
885 461 859 396
684 664 695 631
308 733 319 777
973 968 949 1004
600 561 696 513
652 395 556 315
287 474 342 430
385 519 406 540
190 251 225 237
98 890 70 806
203 839 227 851
838 102 854 102
241 793 216 788
886 756 964 782
887 951 812 1001
811 181 691 157
357 915 369 873
348 753 348 687
303 544 300 540
992 489 978 433
141 811 8 773
752 908 686 853
638 418 658 348
50 785 30 825
872 9 872 22
114 752 49 830
830 565 803 520
290 830 350 830
377 459 215 405
489 45 510 87
-17 866 67 852
270 521 270 507
363 561 393 566
384 204 366 141
493 75 503 77
317 830 219 732
197 281 233 341
62 105 102 -15
985 85 1033 109
441 157 441 187
613 622 501 622
288 215 274 285
862 879 862 852
787 854 735 854
740 917 804 869
705 259 651 250
396 887 453 792
454 923 454 891
14 185 161 59
225 132 225 140
13 395 -29 325
859 99 829 105
717 673 724 708
1016 394 988 394
989 477 993 480
877 910 1038 979
473 875 482 863
690 459 666 499
656 414 701 441
843 758 849 766
648 146 816 290
871 59 897 20
200 33 291 33
987 765 1000 739
577 373 601 325
351 263 396 233
649 395 646 390
934 647 844 587
756 566 805 601
177 212 156 218
635 105 665 30
422 661 428 643
-83 683 99 579
394 529 433 581
228 108 252 116
347 347 317 277
998 922 958 898
401 815 473 875
267 270 207 186
211 867 206 865
750 813 685 839
876 569 836 553
622 831 666 699
930 972 990 992
915 486 990 591
152 537 110 501
64 425 51 373
892 944 922 950
343 439 376 494
12 360 51 373
943 299 913 209
596 471 615 395
661 40 676 49
861 43 821 43
460 901 473 875
899 680 791 662
227 598 332 703
703 89 571 -65
699 422 789 347
412 377 279 244
925 735 934 714
734 31 818 31
559 640 511 640
729 828 750 813
473 875 550 864
566 746 594 760
192 243 87 333
150 885 150 833
634 631 611 677
206 111 44 138
253 464 235 485
968 937 980 951
315 428 327 452
805 439 830 409
100 651 2 637
111 132 119 142
780 371 830 271
119 829 119 861
75 159 115 229
536 810 552 842
485 237 387 153
499 71 493 75
503 885 461 871
172 607 236 495
834 498 764 548
1047 345 915 433
506 722 551 632
735 843 765 783
524 284 468 298
191 456 198 435
626 507 706 491
450 747 506 817
583 718 576 760
506 713 539 636
46 668 58 620
104 425 132 409
592 870 664 954
952 986 1036 881
315 363 363 291
604 439 614 419
236 303 164 219
990 131 936 158
329 305 378 319
214 531 270 507
441 157 401 217
569 106 576 78
813 819 808 834
947 752 945 746
926 483 936 495
562 719 622 689
452 791 449 788
936 882 888 898
370 423 384 395
844 879 862 879
695 202 734 293
248 554 110 393
717 673 747 633
417 800 403 810
498 626 518 654
577 801 565 777
64 367 58 331
729 525 757 567
334 454 342 430
604 439 664 399
704 229 707 230
401 235 396 233
478 520 468 580
551 256 591 266
762 256 735 247
1 943 21 963
226 573 148 612
619 778 556 673
832 485 820 495
723 389 759 329
826 619 862 529
280 507 278 499
300 398 360 326
511 692 601 677
842 532 858 548
514 771 526 783
765 803 825 763
644 402 656 330
104 425 124 421
189 963 254 989
750 535 858 517
233 429 213 429
692 379 668 363
414 701 382 725
164 117 189 97
504 170 480 150
315 573 323 613
62 -20 114 162
525 -3 510 87
425 758 461 803
471 822 441 812
920 17 938 17
604 439 604 369
489 718 445 795
607 892 655 892
57 379 71 351
201 257 225 237
60 219 174 295
375 149 345 194
873 355 867 352
268 942 359 864
499 199 422 265
646 390 646 378
224 517 140 493
363 560 463 580
201 826 225 818
1025 938 925 878
212 787 260 799
416 188 356 218
801 160 804 142
831 419 841 424
813 169 753 124
379 438 431 516
385 222 398 235
528 50 520 106
139 789 79 765
685 421 681 429
233 187 149 19
159 87 147 59
498 594 426 678
207 186 177 116
119 848 74 938
273 584 223 614
895 753 865 693
713 608 653 524
646 390 688 418
247 1001 127 921
26 342 19 363
894 352 888 364
253 468 247 471
994 1015 904 961
172 449 127 509
812 82 760 17
742 587 796 713
499 646 502 651
238 357 194 225
518 275 468 400
909 782 1039 782
309 862 369 838
775 677 755 747
418 561 418 513
68 457 176 511
170 491 170 463
278 499 228 539
618 889 632 895
735 625 753 580
211 823 239 991
529 968 559 948
964 782 985 788
156 263 156 218
296 992 320 964
707 274 699 330
258 394 158 434
730 809 814 845
325 773 283 801
410 517 398 589
37 245 47 195
646 390 737 312
951 782 1011 762
514 325 478 349
316 493 376 373
423 189 373 129
151 763 109 777
198 289 203 283
822 14 762 34
206 532 226 472
458 68 493 75
913 687 952 661
808 312 788 327
68 635 -23 596
919 645 863 743
603 328 683 308
395 661 407 651
224 901 248 943
749 286 707 230
619 549 673 585
928 338 848 298
936 495 932 507
514 106 520 106
650 954 650 1017
720 655 717 673
758 83 611 -22
578 622 488 562
760 17 781 17
599 353 647 329
940 590 940 611
582 707 614 819
452 496 476 424
64 172 164 32
226 1031 254 989
972 649 930 628
119 845 74 905
502 651 514 627
713 699 821 699
895 753 915 765
830 450 855 420
739 912 706 835
630 357 663 313
104 784 104 764
995 212 994 211
66 367 57 379
409 583 419 653
92 395 -55 248
39 287 53 294
514 669 502 651
468 298 507 337
855 546 862 548
218 430 213 429
638 959 613 939
877 192 954 181
427 290 422 265
176 512 206 532
417 639 411 625
283 877 297 975
459 992 504 938
819 798 882 693
288 350 360 326
482 157 530 37
885 12 897 20
538 224 588 204
948 933 954 943
855 420 827 336
288 215 288 219
601 705 705 549
985 115 999 87
514 858 580 990
816 800 666 620
284 33 292 49
863 334 909 311
139 493 154 514
19 363 31 383
873 808 798 683
934 714 940 720
752 320 707 230
329 359 504 484
331 607 336 604
852 581 876 569
215 424 223 408
571 936 576 951
17 895 89 835
255 677 294 599
451 267 430 264
242 106 265 129
366 314 360 326
902 520 838 552
963 983 963 1003
200 208 214 222
526 464 476 424
218 380 278 410
419 238 444 388
128 150 200 234
793 95 784 89
344 848 320 860
339 370 363 378
119 845 161 831
292 740 184 830
503 497 451 510
297 194 365 194
996 201 985 278
358 314 364 350
707 274 729 274
774 581 804 563
566 746 602 818
305 558 303 544
98 615 38 655
320 905 292 940
556 928 491 863
105 432 104 425
136 448 211 538
140 493 35 508
482 509 469 574
954 329 891 320
882 726 905 657
756 683 684 635
441 812 447 810
729 663 717 673
796 21 692 -5
165 868 193 896
-83 587 1 635
273 217 267 232
225 703 225 693
225 237 180 207
31 788 75 799
175 352 223 408
166 565 208 544
172 852 39 852
780 179 876 179
922 835 887 786
-26 599 34 679
895 314 891 320
837 387 837 447
1011 715 878 677
356 572 331 607
7 945 22 870
330 105 141 -3
531 373 552 376
638 783 554 807
94 439 169 529
623 899 606 967
895 753 835 741
555 448 590 427
749 619 910 504
789 347 867 308
906 52 920 17
816 487 752 487
804 505 713 583
498 649 538 669
709 587 653 627
27 379 71 368
110 589 40 687
536 815 541 820
438 597 388 527
941 672 930 628
664 807 715 841
82 729 -8 639
646 390 653 439
792 321 804 315
212 320 242 395
1007 824 978 708
214 704 205 686
444 298 422 265
623 1017 601 940
646 554 666 514
747 313 774 358
608 992 652 937
380 866 245 785
469 574 439 614
98 930 92 972
940 611 992 689
953 958 953 943
690 525 788 623
677 377 655 421
997 130 990 131
803 32 797 31
841 735 895 753
813 268 945 356
746 817 796 857
671 982 656 991
807 703 759 691
278 499 278 477
183 425 171 425
698 701 796 729
474 133 502 98
766 1022 910 902
885 450 829 394
656 392 641 389
726 329 838 361
488 140 528 20
294 486 300 483
787 886 745 837
947 1071 857 981
329 833 320 830
393 526 393 566
235 83 235 45
-13 594 13 412
223 451 247 471
175 135 84 57
454 915 529 945
474 42 550 137
709 847 692 779
958 898 898 968
55 828 67 852
504 255 558 264
964 869 974 929
441 157 438 145
942 311 922 301
13 325 13 395
32 182 116 126
734 1022 734 984
345 449 341 429
310 760 329 893
815 727 731 629
329 305 224 395
776 472 732 538
87 805 159 895
937 747 971 764
287 582 263 590
69 294 43 346
746 165 698 245
266 783 226 763
432 -41 416 55
194 227 246 266
399 570 315 514
500 856 496 868
342 430 288 448
32 60 24 76
569 723 594 708
675 86 735 46
645 911 693 943
260 304 245 339
494 110 530 56
646 745 706 835
532 319 472 339
417 221 527 199
862 548 946 492
200 562 206 532
287 890 301 883
213 429 213 454
975 953 1040 927
307 455 300 483
191 842 263 860
872 327 865 329
331 607 254 574
924 187 905 225
561 258 528 324
194 82 194 109
595 724 511 640
432 263 408 275
237 901 227 851
424 543 370 534
123 289 51 373
893 0 903 14
197 916 106 877
236 303 245 339
-15 895 17 895
885 539 948 494
775 382 789 347
225 818 281 720
251 568 111 548
870 386 895 511
189 141 233 130
647 999 687 939
84 532 90 550
208 470 94 394
169 458 289 478
152 552 152 537
765 374 909 470
574 370 514 325
705 829 706 835
343 705 313 795
502 174 558 146
280 453 300 483
112 314 97 334
999 966 924 981
627 953 613 939
896 611 940 611
653 929 679 942
841 873 862 879
212 547 206 532
42 318 42 178
892 98 932 138
128 481 82 435
625 340 653 410
466 445 480 435
677 483 743 406
149 169 221 73
502 146 490 131
874 803 952 855
498 51 520 117
840 614 856 534
269 304 197 364
277 164 200 208
69 862 67 852
227 598 215 602
882 98 797 -21
684 671 756 683
185 136 200 91
548 744 590 709
426 761 402 729
236 303 196 327
442 95 490 131
804 505 793 560
896 289 948 198
449 318 429 298
133 883 211 935
316 558 202 577
219 -14 228 7
445 528 355 420
704 936 734 996
327 546 273 420
397 228 389 268
921 60 873 -20
170 463 162 483
951 1007 981 947
110 409 30 521
435 496 393 566
674 738 793 823
945 528 1017 492
486 124 493 75
545 965 720 915
913 209 903 205
701 509 589 477
892 944 901 971
45 685 -20 711
288 215 233 248
995 297 959 252
695 20 660 13
788 15 693 72
843 758 843 751
119 95 171 30
540 979 539 978
15 112 -4 55
373 621 331 607
426 761 417 764
563 760 515 704
421 51 395 38
930 884 954 944
783 745 851 694
227 59 221 59
428 497 383 551
498 932 504 938
462 913 414 925
494 329 574 313
710 819 730 809
254 246 79 196
339 611 288 713
629 895 625 892
798 192 826 216
510 214 441 352
366 329 354 323
801 255 892 320
413 840 397 792
258 501 294 519
737 419 725 427
246 475 270 507
815 624 755 564
374 535 434 505
245 143 239 119
566 746 578 758
891 459 876 534
433 473 415 473
641 623 659 629
574 709 584 714
163 369 263 329
502 98 488 56
365 359 289 245
917 780 901 772
160 520 83 553
743 200 645 200
606 645 624 651
440 574 388 730
345 194 353 198
850 621 876 569
325 237 285 307
263 575 263 595
271 495 208 432
350 351 369 237
148 535 114 637
455 131 530 131
872 12 898 -40
920 17 928 29
846 108 844 102
804 315 888 273
116 126 121 119
425 832 441 812
730 809 667 782
441 152 441 157
119 95 131 103
213 429 240 393
33 520 0 498
299 433 299 424
-35 971 84 954
164 117 149 120
285 193 237 133
782 961 657 936
234 684 225 696
198 97 250 175
975 733 909 579
165 369 213 429
221 577 336 623
474 309 384 204
932 346 988 394
533 954 531 942
413 812 457 812
954 325 938 309
42 596 3 531
796 857 824 841
172 500 340 380
876 769 843 758
331 278 345 194
415 432 415 562
119 142 203 44
862 548 880 533
109 4 79 22
835 713 901 757
659 413 694 448
481 110 526 215
884 531 818 509
892 944 906 916
490 640 546 612
293 462 363 378
862 879 844 876
751 844 730 837
410 517 443 539
407 801 429 812
753 657 833 545
868 159 768 209
288 519 300 483
603 934 613 939
501 897 549 921
415 492 403 468
602 908 413 746
947 752 955 776
75 799 68 798
845 33 985 73
162 282 316 172
386 550 356 560
856 644 832 604
619 280 723 358
957 405 943 391
59 740 159 915
543 585 543 624
698 537 644 645
269 199 245 143
601 16 731 68
282 465 342 525
984 959 980 951
922 835 955 890
652 920 562 815
451 227 441 157
1003 465 919 537
822 14 767 58
946 342 771 492
695 239 755 194
583 860 655 836
-27 708 50 785
539 880 581 904
-1 287 39 287
535 317 604 409
198 289 172 341
868 723 835 745
133 393 313 423
425 615 407 651
791 288 741 213
404 584 410 592
29 621 44 711
999 972 948 904
31 611 1 635
112 314 108 328
910 453 855 420
321 286 261 322
239 45 239 68
746 354 776 384
814 572 914 522
739 829 787 889
922 134 922 128
684 664 662 653
353 295 407 313
279 519 247 471
275 277 335 229
426 608 402 584
925 685 853 697
427 754 411 866
891 471 885 461
116 126 116 96
573 525 517 637
814 586 916 688
916 609 836 529
353 680 263 590
57 352 43 346
98 930 138 860
558 746 602 746
952 70 922 55
109 777 158 749
51 662 46 668
491 860 413 925
510 553 490 603
270 158 245 143
1013 316 964 358
520 166 520 58
194 227 194 197
284 33 302 24
553 25 595 25
185 291 245 339
280 457 427 415
709 916 541 868
316 642 331 607
154 197 148 193
473 875 493 915
696 190 885 136
756 170 746 110
526 622 506 598
687 939 684 932
194 177 136 61
937 70 912 45
236 303 166 283
650 954 608 870
175 499 79 483
363 663 405 699
765 843 765 793
876 14 897 20
567 615 527 565
164 222 156 218
440 180 384 204
382 399 375 403
672 361 640 377
325 595 340 625
940 908 954 912
817 146 836 203
804 505 780 517
662 578 645 493
181 957 213 933
440 752 450 747
445 667 340 562
474 455 430 400
101 721 109 777
282 635 334 661
203 830 42 922
789 524 789 572
46 668 56 683
171 696 225 696
650 954 689 863
176 933 236 893
344 848 344 818
361 901 355 896
209 35 221 59
557 773 566 746
646 950 650 954
391 97 391 96
954 943 957 943
-2 665 124 611
390 472 415 492
283 450 259 432
725 -26 660 13
497 818 537 866
70 361 46 343
780 575 830 565
594 512 605 545
427 623 559 469
701 820 750 813
130 224 116 126
286 304 342 280
-11 353 73 500
705 259 765 364
51 771 186 879
84 57 63 42
17 895 8 958
798 192 756 192
514 313 514 346
-34 160 11 100
464 357 359 297
760 671 756 683
90 550 75 580
822 697 710 681
225 329 245 339
908 828 754 828
919 326 971 352
156 218 162 206
227 598 215 634
351 296 321 286
194 227 224 232
90 550 120 532
-5 -16 31 29
591 164 573 170
915 1067 1015 892
520 106 472 34
169 257 194 227
920 17 866 -28
142 114 205 69
348 996 264 912
837 801 852 771
727 309 707 274
360 770 264 914
422 661 373 640
473 538 417 468
275 72 191 170
932 282 812 372
149 1006 239 880
398 600 419 586
62 363 62 351
357 526 469 558
661 950 601 940
286 304 254 328
517 494 543 585
731 857 796 857
116 234 126 304
440 317 416 325
150 279 52 223
287 890 285 894
288 215 289 213
709 838 682 811
715 734 737 844
610 871 608 865
772 469 772 489
486 164 504 170
1003 561 989 477
577 373 577 395
288 820 392 872
662 452 585 430
354 771 468 638
864 271 920 369
492 206 528 146
647 396 636 330
160 495 60 370
249 359 257 349
693 645 717 673
594 938 622 946
468 298 480 214
877 425 827 365
83 687 63 679
584 451 494 406
886 500 862 548
34 683 40 687
721 224 707 230
-8 419 15 580
584 729 584 704
290 622 303 544
1032 446 899 522
913 209 898 206
483 748 438 643
659 941 649 921
725 427 697 403
526 622 522 630
495 729 430 755
744 38 744 -52
-39 645 25 629
713 203 705 259
396 233 384 213
993 768 973 784
456 592 624 664
270 507 260 467
309 811 309 703
319 675 291 605
789 572 724 533
206 532 131 457
232 582 274 618
410 517 437 526
34 685 40 687
638 548 586 535
484 550 418 561
875 -43 920 17
609 931 613 939
628 925 576 951
723 389 739 349
455 314 370 331
147 197 167 225
516 782 391 832
489 647 501 619
237 621 303 544
496 868 472 884
156 218 226 168
117 320 112 314
849 807 837 801
284 435 291 414
1012 94 997 91
954 943 980 982
971 352 969 340
330 348 346 460
520 537 415 492
492 675 390 709
495 485 509 506
447 136 391 96
213 429 267 465
570 441 594 447
679 1029 749 987
40 687 34 696
872 330 916 308
11 986 11 1002
404 589 348 687
389 544 365 572
492 206 528 182
14 365 170 469
844 593 772 683
702 272 767 298
429 738 555 792
706 434 681 429
931 376 971 352
122 255 150 279
558 264 538 276
517 348 552 376
315 428 327 440
681 733 717 673
731 40 633 40
1068 1088 858 878
566 344 496 330
521 907 612 920
296 915 351 849
226 573 286 678
112 314 130 290
990 113 990 131
606 383 648 467
804 -82 744 8
854 544 812 593
116 126 56 51
569 977 429 893
150 885 115 864
109 777 139 807
867 352 900 429
462 173 506 107
646 340 613 340
510 315 514 325
838 410 886 298
993 738 993 822
1016 415 971 352
514 968 492 902
435 669 417 639
897 24 897 6
715 951 610 906
202 415 248 300
351 849 411 894
823 131 738 29
414 701 378 695
49 882 109 777
26 713 26 791
723 325 638 308
796 478 766 478
19 876 109 831
-4 623 5 644
59 117 98 130
420 594 380 586
216 788 265 788
707 237 707 230
918 894 930 884
879 497 753 602
130 835 186 835
1024 842 964 782
439 909 454 915
580 400 585 430
871 716 819 794
624 651 620 647
655 215 788 196
526 786 526 783
952 143 922 128
119 95 217 81
939 514 945 496
303 544 313 538
326 102 374 198
250 175 310 125
689 -25 809 47
372 395 300 479
111 85 89 140
822 381 854 493
689 944 687 939
586 466 604 439
645 328 747 243
474 571 464 577
592 870 690 842
205 896 183 896
895 332 881 276
539 880 519 905
941 495 1053 479
707 274 685 318
149 914 275 1004
71 764 104 764
922 55 859 64
778 692 750 706
851 672 890 672
639 344 625 340
939 808 950 731
558 264 566 252
761 817 795 698
755 564 762 569
274 261 329 305
715 200 745 164
897 37 857 -3
67 357 37 345
705 259 711 271
959 716 947 752
17 749 35 761
79 460 87 466
137 968 71 836
980 951 1008 972
656 926 706 966
164 921 239 821
414 652 414 730
42 220 -33 265
291 583 356 622
414 652 442 672
126 601 81 664
313 433 315 428
709 788 730 809
415 154 310 214
246 277 178 294
489 441 463 415
53 416 105 416
918 312 933 327
121 435 198 435
545 955 499 863
785 842 730 809
750 334 705 259
365 413 251 432
493 75 503 15
162 758 300 873
46 727 -4 797
604 298 632 326
141 483 125 563
753 580 725 559
246 360 270 352
435 403 411 523
695 408 668 363
181 957 169 933
208 544 236 579
998 514 980 544
860 655 851 601
257 900 317 880
740 345 746 354
677 351 668 363
615 945 651 939
359 297 335 317
845 979 801 968
780 655 792 703
511 670 531 740
711 59 823 -37
213 429 229 477
975 426 933 377
930 628 900 586
263 791 379 762
173 509 189 429
503 828 559 852
178 299 226 275
920 65 920 -27
105 416 133 424
760 17 736 23
234 255 213 213
511 323 544 345
855 864 930 969
606 580 578 622
729 596 789 572
445 786 326 854
90 912 78 864
958 898 946 895
854 544 914 504
997 91 932 13
759 572 755 564
493 95 493 75
321 300 321 270
752 -70 827 20
712 263 670 239
330 598 294 526
852 553 876 569
924 749 936 707
284 287 236 303
576 951 511 1003
119 405 182 432
680 675 568 627
474 342 474 426
768 202 798 192
721 747 829 657
669 4 788 21
105 219 123 237
855 420 854 424
242 294 236 303
420 607 410 592
582 370 537 379
532 222 571 235
571 599 483 555
932 11 906 24
539 880 554 870
156 577 126 601
506 172 524 202
303 797 333 777
82 137 222 -31
468 298 466 310
765 249 781 257
119 77 119 95
798 192 852 237
42 596 64 552
39 -26 79 22
801 431 784 312
782 807 818 834
839 802 813 880
55 154 115 229
783 833 899 688
562 376 602 368
194 227 234 167
1 395 43 346
130 149 162 213
284 305 350 305
919 731 1003 794
182 444 86 556
198 289 204 287
383 259 406 213
139 493 111 423
734 996 746 988
226 573 154 501
139 925 179 901
9 62 55 -7
632 459 499 364
222 808 235 756
772 478 814 562
221 833 319 777
740 239 705 259
515 704 530 713
552 376 537 355
731 646 775 514
964 992 892 944
-65 253 55 213
100 556 90 550
-78 408 13 395
422 50 407 47
958 642 908 792
268 683 254 767
723 54 681 72
226 573 310 573
675 902 625 892
955 939 951 947
257 824 250 775
614 525 678 493
727 92 757 82
425 477 497 477
831 825 756 925
221 693 375 825
254 989 224 974
905 -30 893 0
751 844 807 886
102 421 110 437
753 580 753 571
826 970 838 962
42 220 56 234
553 25 497 -45
630 526 682 487
542 436 555 358
512 346 552 376
927 525 945 528
913 687 991 739
115 229 163 261
383 424 257 514
791 52 825 -67
816 783 914 867
104 425 169 490
163 282 198 289
75 299 90 239
14 190 34 330
611 820 541 820
285 514 300 496
923 805 883 745
378 659 318 619
238 644 211 752
825 120 780 195
465 832 351 737
510 87 444 10
356 648 351 641
318 653 258 668
388 713 318 653
817 24 832 -6
919 162 769 42
115 229 109 237
723 60 723 54
835 832 688 853
321 627 331 607
736 711 806 697
694 288 598 272
226 504 218 492
216 291 242 291
422 709 414 701
438 968 486 1040
307 453 299 433
427 822 403 810
164 166 236 250
922 128 982 218
67 618 -18 584
510 956 543 934
878 910 974 862
36 603 92 659
416 792 408 824
816 562 823 559
321 306 216 291
821 43 833 55
790 326 810 336
795 210 798 192
1 635 37 671
650 954 635 849
594 576 650 716
649 924 653 929
936 921 978 900
926 971 941 986
591 164 546 224
856 807 868 723
183 281 114 120
68 635 61 641
398 547 410 517
812 346 792 321
403 48 391 96
119 845 122 824
507 290 514 325
50 723 26 755
335 40 391 96
559 409 643 465
645 953 661 905
860 655 875 670
591 407 573 407
476 429 421 473
850 902 892 944
563 279 544 222
427 99 417 49
269 304 367 402
585 430 567 394
917 550 944 712
444 818 441 812
931 981 955 965
707 263 747 313
759 715 663 619
867 352 879 346
858 764 774 911
237 803 216 788
611 379 730 464
116 859 -24 839
824 240 938 278
66 602 42 596
248 19 228 7
138 898 128 868
834 419 830 409
346 594 214 638
594 854 573 728
432 418 420 424
18 743 26 755
813 519 715 561
403 810 347 796
803 820 833 820
941 561 1029 407
768 517 804 505
936 892 782 1002
788 399 956 255
759 832 735 868
908 681 958 741
982 737 952 812
410 586 410 592
320 964 320 976
850 237 877 192
110 884 98 890
491 917 509 863
397 224 397 221
316 735 360 669
679 436 681 429
649 501 703 690
827 48 809 33
838 605 808 600
225 289 225 185
184 454 250 487
514 325 550 307
886 312 925 364
515 704 605 704
922 128 912 122
707 274 713 271
230 544 206 532
836 964 845 979
553 903 504 938
693 580 721 482
366 180 345 194
844 475 796 511
410 499 410 547
40 687 96 715
695 445 730 424
897 20 953 -8
291 605 264 587
39 969 21 963
648 467 639 479
934 927 772 819
921 13 908 65
510 166 502 178
925 611 806 509
922 835 909 926
311 568 295 520
515 704 531 648
632 978 650 954
997 91 1042 16
787 692 877 722
947 752 958 730
812 633 772 613
830 565 764 642
613 953 613 925
745 422 725 427
934 181 907 217
572 731 566 746
254 489 202 645
58 729 -5 582
143 1011 233 906
167 225 197 285
485 79 493 75
723 54 779 96
511 694 571 664
888 229 963 169
918 55 934 55
322 950 315 999
13 395 91 434
57 379 31 340
944 965 889 1042
827 236 974 215
232 299 236 303
760 674 787 692
928 869 970 905
143 180 116 126
118 191 178 201
391 96 451 146
728 224 637 250
454 915 356 943
583 677 653 627
976 355 931 328
336 973 292 940
401 786 425 822
287 890 312 925
441 157 465 181
334 628 321 537
663 313 663 283
541 748 487 874
173 976 162 1020
881 742 818 595
184 544 208 544
88 43 73 8
913 705 934 714
150 777 216 788
524 166 464 241
223 443 247 471
63 793 33 853
385 1014 362 945
167 978 215 962
523 -20 553 25
182 1030 173 976
139 112 93 181
954 943 1044 958
427 986 442 992
424 921 454 915
625 360 625 285
904 146 913 209
255 386 360 326
692 490 653 399
503 538 455 562
935 776 947 752
556 795 598 795
199 405 164 430
693 580 651 559
666 499 757 460
72 324 112 314
140 493 110 443
966 532 1029 586
561 504 576 399
375 317 315 242
200 208 211 230
528 647 502 751
468 298 479 342
616 352 643 316
627 657 777 482
227 128 262 98
545 931 521 907
333 406 300 483
300 428 370 428
225 237 203 303
342 430 366 414
677 266 772 152
218 492 134 432
596 625 488 607
389 975 508 958
156 218 198 246
245 61 191 79
592 855 459 760
465 764 449 788
72 72 111 85
98 932 98 927
763 797 791 699
945 496 945 514
192 117 136 117
405 699 380 694
610 425 540 453
876 569 873 581
441 157 453 85
518 55 553 25
933 418 867 352
259 169 220 195
739 574 674 587
450 747 408 677
363 378 318 360
509 774 584 714
514 885 406 939
382 399 326 375
909 273 904 248
577 45 535 10
936 495 924 474
415 250 310 166
176 252 142 167
765 803 805 827
446 367 381 289
493 954 421 990
430 264 375 308
693 247 705 259
744 483 625 381
601 940 581 925
94 973 107 882
229 702 193 648
648 627 663 627
212 532 332 472
247 126 273 217
359 614 303 544
739 826 751 844
613 939 631 924
749 256 665 292
731 890 647 932
433 82 376 101
346 622 326 602
526 664 526 622
315 428 367 454
263 435 305 463
49 905 119 845
892 320 899 319
112 129 116 126
361 468 438 545
528 751 593 803
947 752 971 752
178 782 154 752
616 275 621 272
66 357 58 353
708 48 758 68
-18 93 185 6
201 245 96 182
327 436 397 408
217 589 142 529
356 984 377 990
862 548 876 590
234 276 325 237
213 319 189 271
553 25 598 -11
444 559 519 604
822 -26 822 14
564 60 590 99
334 813 319 708
968 940 942 888
46 598 42 596
216 911 264 851
818 617 884 727
333 683 306 629
688 730 636 743
911 660 821 678
104 764 68 752
225 103 261 175
883 864 827 904
602 323 552 383
133 246 14 212
180 294 134 271
238 985 292 940
673 585 685 621
39 287 -33 215
502 651 447 728
226 573 196 591
2 489 -53 467
241 708 391 708
165 562 153 554
435 707 407 651
357 101 501 197
263 435 275 471
653 929 723 971
717 661 717 717
905 595 845 675
234 307 180 280
363 649 243 439
478 665 517 691
894 -1 946 103
731 877 587 973
870 859 954 943
747 680 741 710
696 7 654 14
259 633 319 708
426 66 342 138
397 114 391 96
236 845 224 853
846 534 814 486
351 513 449 457
145 280 165 276
737 734 741 710
1004 609 885 711
184 957 177 957
576 951 590 953
837 422 830 436
901 772 883 766
119 845 137 833
410 517 422 497
810 944 845 979
641 932 633 972
398 598 410 592
296 758 326 848
993 768 1098 843
900 379 781 430
396 320 429 298
540 979 470 1035
172 454 190 454
229 857 197 761
603 975 639 885
789 347 799 352
48 68 18 78
61 268 74 294
591 164 564 128
154 197 89 132
249 359 207 345
320 868 344 848
524 331 575 433
336 641 291 605
792 528 812 553
12 485 120 575
193 896 153 848
86 766 61 841
705 175 705 265
237 500 381 596
757 459 827 499
214 -42 248 77
722 107 727 92
249 180 183 48
306 802 324 748
277 961 361 901
574 816 609 821
665 881 645 961
803 328 908 268
905 630 875 650
215 61 221 59
47 771 79 803
461 882 566 840
510 659 484 633
145 416 105 416
891 459 891 448
483 549 588 612
74 804 75 799
417 639 417 609
895 566 965 468
339 206 357 170
591 820 585 816
502 98 463 98
359 297 395 327
897 20 907 30
418 267 450 251
910 985 954 974
983 252 947 252
194 227 209 227
248 889 248 871
492 206 422 226
226 355 246 375
945 804 1033 738
523 804 526 783
209 112 225 132
413 442 315 428
159 251 75 209
843 444 855 420
924 231 913 209
454 915 499 975
26 755 117 690
534 998 502 934
28 30 203 155
482 439 468 404
726 780 824 836
170 463 160 493
504 209 504 134
173 565 128 505
405 699 333 651
181 366 223 408
272 459 300 483
158 427 170 463
940 611 970 611
851 672 843 632
336 72 276 27
327 431 363 449
365 457 290 487
750 458 801 543
947 764 947 744
466 991 298 847
753 580 830 547
715 298 697 244
855 438 855 393
184 460 223 408
858 891 884 813
313 598 339 611
762 815 765 803
283 398 223 408
143 658 304 543
649 64 667 28
653 929 669 929
44 799 65 750
779 611 791 551
598 614 578 622
68 357 23 342
171 650 226 573
142 479 170 463
222 571 226 573
955 777 860 739
789 572 745 572
12 560 52 608
470 312 454 200
803 564 743 564
98 930 90 946
734 898 650 954
438 737 543 692
1000 854 909 893
15 25 115 65
770 301 800 331
218 380 233 410
787 53 724 -31
469 456 343 540
591 577 465 598
510 661 454 591
840 817 833 820
536 815 539 816
273 483 300 483
154 197 187 142
552 376 482 406
806 153 791 174
910 152 936 100
244 181 118 253
227 598 194 554
363 378 373 353
585 430 655 458
156 115 196 125
254 989 206 933
681 850 601 910
928 662 871 757
11 100 15 94
901 772 912 706
254 767 236 788
13 11 79 22
74 643 50 611
498 751 528 751
8 388 28 416
230 592 219 614
997 687 822 687
428 664 422 661
871 876 859 880
779 719 765 803
222 808 240 796
263 590 185 512
877 192 877 210
116 920 98 890
809 1021 857 965
407 711 407 651
143 335 99 357
578 618 578 622
402 825 441 812
216 788 222 776
61 268 28 334
1014 912 888 870
357 899 361 901
426 183 408 171
1005 708 980 833
200 1 239 53
712 707 670 689
908 268 892 316
755 924 811 908
982 1027 982 907
804 505 796 521
813 132 798 192
916 614 930 628
444 751 450 747
782 418 772 478
553 689 469 591
274 187 302 243
211 409 139 493
601 940 552 905
891 266 779 346
277 323 245 339
274 618 319 564
216 788 212 790
990 588 927 504
506 172 499 170
272 -4 228 7
343 277 273 217
84 739 112 774
21 897 21 1029
313 361 287 426
496 868 502 882
970 905 886 953
450 186 506 172
147 186 261 186
796 346 789 347
860 655 930 625
498 626 534 584
973 963 953 943
712 714 652 754
632 536 668 590
291 581 291 665
728 508 643 627
961 883 958 898
1035 973 905 921
206 532 151 510
526 625 393 568
69 464 105 416
618 299 552 376
139 493 163 523
31 29 6 59
865 32 765 57
433 529 455 562
566 746 510 738
871 483 1039 507
315 428 340 393
916 717 934 714
248 871 274 793
583 718 565 733
758 247 747 313
64 997 169 907
508 143 490 131
474 687 526 622
517 942 493 954
303 149 351 181
119 845 104 875
843 758 858 698
206 731 270 795
913 209 917 181
868 723 833 753
907 166 1045 51
412 245 431 283
858 648 890 760
539 880 535 868
723 251 801 160
851 724 812 633
270 507 336 463
318 655 318 635
354 568 270 580
630 870 604 1000
749 540 762 592
473 823 473 895
552 906 529 860
300 483 310 423
475 430 490 340
203 876 177 928
778 586 910 630
614 395 659 413
858 108 746 60
585 430 578 444
955 119 1045 59
329 171 217 91
215 279 175 269
87 361 15 385
373 143 443 199
491 740 551 650
31 29 31 -3
921 300 867 336
725 574 767 560
459 561 419 581
330 826 315 832
891 939 1059 867
592 822 592 870
936 495 936 572
360 326 393 359
948 494 948 472
520 855 562 750
693 890 735 854
205 654 205 686
268 594 285 662
789 101 793 95
181 753 244 816
315 250 333 358
-9 412 55 300
200 471 284 569
994 215 1030 263
342 430 327 520
261 714 157 662
235 591 220 561
58 898 133 883
3 500 -88 422
789 572 894 662
489 629 369 729
893 324 788 339
329 305 305 347
727 230 707 230
350 552 410 592
175 184 115 229
853 320 892 320
930 852 938 860
260 280 216 291
759 770 892 751
760 -7 760 39
149 982 205 968
723 851 751 844
858 -11 760 17
228 7 312 49
423 608 393 566
412 768 430 759
208 424 273 437
723 54 707 26
420 424 342 424
237 4 228 7
387 402 363 378
614 469 574 349
174 960 181 957
378 616 422 583
676 742 592 595
812 633 842 609
110 448 140 493
417 325 272 528
1 359 13 395
665 511 725 427
126 831 175 817
671 783 638 783
862 879 902 889
705 259 635 217
207 186 187 196
367 296 397 221
278 614 138 474
422 265 443 216
814 -90 744 8
159 125 119 95
223 408 236 356
600 856 716 1001
504 441 642 441
398 422 601 567
853 928 1028 878
826 8 778 80
531 942 543 940
502 52 520 106
305 441 299 433
268 514 286 487
440 317 490 277
726 344 746 354
723 54 729 84
411 249 397 221
184 280 170 274
257 468 276 525
200 303 240 273
-47 396 79 333
488 423 341 549
533 349 529 329
668 363 670 369
697 433 681 429
868 419 945 496
691 134 727 92
90 550 168 537
601 140 503 140
638 267 671 212
500 457 440 597
505 946 463 974
703 588 693 580
360 326 310 276
792 689 742 719
502 651 556 588
342 430 354 402
-9 239 43 213
959 316 971 352
610 901 650 877
95 77 111 85
889 542 945 528
821 556 837 580
506 172 492 130
735 545 831 593
616 859 604 883
502 642 502 656
601 388 625 340
453 369 425 257
418 561 442 621
405 699 441 711
430 264 456 186
361 901 431 943
109 970 29 986
78 685 162 649
186 670 267 724
252 76 252 168
752 941 717 948
438 970 438 962
379 94 415 100
336 683 315 648
443 566 353 548
145 469 130 529
920 494 992 554
526 783 540 762
265 344 245 339
892 507 814 494
974 68 906 51
915 873 957 915
707 364 751 518
140 493 133 491
844 102 874 60
541 765 526 783
369 399 363 378
628 845 584 768
327 777 315 777
-14 458 55 297
394 251 422 265
520 298 604 298
414 701 435 736
342 298 462 130
348 613 303 673
410 517 458 541
848 572 830 608
558 264 467 251
440 512 410 517
872 944 892 944
917 80 924 45
119 424 35 376
671 212 713 226
469 121 579 275
186 305 226 355
933 324 938 309
233 142 227 128
989 477 999 473
784 475 796 487
994 211 993 216
567 888 531 942
205 214 150 148
790 343 746 354
348 687 352 673
277 39 235 67
940 947 978 852
455 562 468 614
957 405 933 373
826 717 868 723
50 785 98 825
764 521 836 539
-15 191 29 37
947 752 957 754
725 427 745 439
606 920 599 948
526 783 514 769
789 347 784 377
920 17 962 101
3 500 4 507
104 473 -36 353
528 658 584 714
43 973 -1 841
194 62 227 128
679 377 663 313
486 75 504 75
513 565 543 585
993 409 988 394
583 718 547 664
455 562 420 592
247 511 247 435
814 568 784 586
363 378 402 313
798 869 793 873
130 175 96 56
666 679 570 615
143 409 194 511
653 627 648 622
863 529 767 601
862 548 838 540
188 248 222 129
1 635 -3 631
689 593 528 501
431 801 503 849
416 761 454 761
351 641 351 646
347 372 307 442
320 964 304 992
250 175 220 145
750 813 735 858
118 915 62 845
507 688 515 704
685 922 577 868
959 252 948 307
105 416 21 332
624 413 715 413
894 928 954 943
523 835 398 935
353 1008 393 978
714 857 742 773
362 174 348 209
855 420 910 442
150 243 150 345
551 304 513 399
822 14 819 35
988 457 988 394
433 142 594 27
170 910 224 901
596 757 569 676
3 500 87 560
348 448 486 402
637 44 727 29
846 758 843 758
602 323 532 343
508 756 568 741
223 408 241 399
115 229 73 241
391 479 343 439
239 823 309 793
460 412 382 399
566 772 566 716
561 956 559 948
194 565 208 544
541 512 541 515
87 538 104 606
609 550 669 655
-6 188 42 220
128 89 119 95
994 215 1038 160
205 368 233 333
105 789 116 756
327 656 318 653
656 714 524 714
367 290 199 314
918 636 975 598
112 314 7 284
661 888 638 1026
728 582 628 662
979 477 989 477
343 439 304 491
857 831 829 789
448 952 556 925
-35 642 40 687
608 753 638 783
630 489 525 405
58 938 138 842
103 219 115 229
209 207 194 227
564 423 570 441
191 141 41 111
592 967 604 931
723 389 772 347
862 414 844 384
244 745 255 800
436 267 338 253
569 845 653 929
844 942 857 981
775 203 690 271
854 863 862 879
390 983 402 953
796 857 736 872
422 265 407 268
947 752 965 743
259 88 252 116
377 515 440 662
239 225 95 225
234 152 294 252
212 186 156 218
59 117 104 87
71 218 119 230
804 511 804 481
602 412 658 384
747 313 729 322
35 70 -17 135
644 404 660 292
300 483 294 475
414 652 379 677
541 512 541 505
895 740 993 768
77 839 8 701
57 682 43 674
103 102 135 182
572 798 584 714
296 426 287 426
299 295 329 305
536 815 486 755
506 500 490 484
375 299 427 221
814 950 844 965
497 818 521 842
570 441 588 450
504 176 492 206
968 878 928 958
989 477 940 435
822 982 838 962
751 638 807 722
989 294 929 210
287 890 275 872
236 303 260 247
344 848 339 854
938 309 890 369
84 988 98 890
469 534 469 649
462 791 354 701
204 116 308 116
717 948 677 932
890 592 821 500
891 358 909 421
666 499 678 415
344 862 344 848
68 10 -12 130
514 342 496 330
324 237 422 265
226 355 240 285
942 87 962 77
403 200 367 326
425 477 475 437
859 353 872 327
221 791 375 769
420 424 425 454
159 459 199 451
209 357 207 345
862 548 874 632
957 500 918 487
786 85 836 25
719 674 684 664
509 429 390 497
12 347 75 389
122 187 209 42
22 363 -2 363
450 464 408 408
970 905 865 950
930 593 930 726
827 436 904 392
604 253 604 316
185 120 119 142
167 158 151 206
825 194 843 104
838 962 763 977
203 851 227 851
811 357 837 422
600 235 616 275
315 151 351 181
300 483 234 494
653 642 641 606
108 175 129 112
178 922 166 902
628 874 766 805
752 293 747 313
873 340 927 394
851 384 891 304
74 112 119 142
403 37 501 121
220 794 164 710
346 256 246 376
759 12 633 159
124 101 209 135
614 887 596 815
900 513 843 646
1000 388 956 410
408 634 414 652
642 325 666 325
362 940 237 940
588 864 592 870
792 181 801 160
165 75 319 31
975 306 807 334
601 775 517 691
956 330 920 288
798 192 790 224
334 854 389 821
681 429 663 441
417 499 415 492
321 286 325 286
338 857 304 806
908 268 985 224
423 247 598 397
103 367 218 275
110 463 98 465
656 926 686 946
288 215 314 280
176 436 245 528
414 652 372 582
463 473 503 497
139 493 83 493
705 259 685 294
811 386 800 331
621 352 630 325
762 247 867 352
105 419 105 410
1005 493 965 453
208 622 208 484
220 798 222 808
551 602 451 682
253 679 318 653
684 724 684 592
869 923 815 1049
620 402 585 430
638 783 594 783
463 833 541 820
795 702 747 642
218 492 179 570
302 674 176 710
150 531 156 549
570 441 480 501
100 66 233 85
745 696 733 738
510 366 570 441
205 339 245 339
335 599 331 607
891 459 863 410
514 583 406 673
635 370 625 340
131 934 208 1011
281 866 197 794
374 641 474 791
223 408 167 456
391 96 431 48
20 913 17 895
793 95 883 110
231 65 221 59
50 785 41 785
126 725 72 680
661 46 661 18
314 389 174 249
489 782 527 668
924 531 884 531
303 596 303 544
277 896 322 1001
306 844 159 781
241 657 251 672
698 693 698 701
520 106 575 106
927 148 911 84
496 214 476 174
141 219 99 177
62 355 22 331
913 687 907 690
507 963 532 863
140 493 168 477
502 652 515 704
903 524 876 569
185 1060 173 976
511 219 498 128
1003 778 993 768
389 757 319 777
175 942 197 997
904 699 913 687
454 915 377 838
795 168 801 160
98 176 111 85
213 429 231 408
865 88 844 102
884 915 954 943
254 110 200 146
755 711 791 699
770 334 746 354
403 774 403 810
337 439 343 439
364 568 433 522
183 377 57 440
656 926 596 881
457 474 415 492
988 394 1023 374
134 976 173 976
988 394 918 364
618 675 631 623
203 538 241 633
881 795 895 753
133 729 79 837
201 154 245 143
780 484 712 433
876 569 892 561
454 915 419 915
72 181 128 111
1035 556 867 444
746 363 746 333
473 875 564 797
374 318 360 326
872 327 844 243
613 8 661 40
23 117 71 117
261 590 305 612
604 154 520 106
514 325 570 381
392 812 332 857
241 872 73 896
515 704 449 682
-49 40 23 112
250 175 283 131
438 968 434 948
319 777 259 852
920 17 913 -4
160 870 138 903
51 373 41 323
809 609 671 494
18 632 42 596
567 681 517 691
877 192 793 132
536 354 476 424
854 285 872 327
755 564 737 600
999 437 982 505
132 835 126 831
105 416 121 368
592 870 550 906
413 804 435 826
104 764 104 709
653 64 661 40
120 126 116 126
300 134 384 204
132 389 276 221
231 835 230 840
444 204 336 204
706 835 762 851
689 685 717 673
892 320 907 320
89 436 133 381
75 884 67 852
220 725 265 800
860 638 945 757
901 772 926 802
368 449 318 429
700 156 812 184
407 651 419 623
462 103 546 75
240 371 255 351
945 496 917 480
625 340 632 337
739 110 727 92
197 916 213 860
953 60 893 0
16 402 -29 297
250 775 178 751
305 845 417 957
130 972 181 887
493 954 533 884
203 803 227 851
506 239 470 167
798 858 765 803
997 91 981 91
931 1014 1029 972
859 -66 880 60
112 314 119 308
922 55 907 64
90 550 146 480
172 628 214 530
923 205 913 209
227 598 228 595
726 571 666 499
300 491 300 475
158 287 194 227
811 908 853 872
699 407 789 347
714 113 744 8
840 656 784 586
418 561 414 556
962 967 982 952
468 298 483 333
717 933 752 908
848 562 928 582
989 519 989 456
870 536 862 548
748 722 776 687
504 862 476 883
474 753 366 771
752 643 682 703
775 800 810 828
683 397 768 380
256 1012 292 940
638 783 620 777
751 844 759 852
112 366 112 314
904 738 895 753
123 87 119 95
291 403 213 429
846 813 798 869
222 738 222 808
869 979 989 979
936 635 840 523
344 768 260 828
654 894 717 948
785 87 793 95
112 314 52 334
650 954 606 954
23 470 3 500
503 684 578 584
691 79 756 170
1 635 -11 637
530 452 467 557
958 706 934 714
825 19 807 127
298 15 221 59
521 478 466 412
922 835 902 843
687 566 699 594
78 685 96 685
344 848 296 848
38 486 3 500
804 315 816 321
104 425 122 488
80 793 15 871
272 315 139 258
636 672 690 663
645 734 634 811
869 20 909 20
213 429 213 419
407 495 292 380
536 815 586 825
43 265 157 208
-2 551 68 635
232 877 221 910
352 687 338 687
904 527 976 473
112 626 42 596
653 929 661 949
128 900 98 890
401 611 417 639
250 175 277 112
119 845 21 915
802 579 877 609
-43 979 27 881
688 730 674 738
288 669 155 726
64 892 88 876
521 907 449 919
407 651 400 654
490 334 382 208
604 1035 576 951
105 778 30 673
-24 80 11 100
-11 424 5 504
541 820 559 826
875 477 898 615
888 878 958 898
189 779 246 798
108 303 199 251
724 218 756 170
891 513 936 495
723 704 753 714
222 903 287 890
140 490 45 604
521 907 522 913
230 379 170 463
207 205 200 208
867 352 873 343
208 106 124 127
725 954 669 912
490 603 595 603
646 390 635 335
403 882 403 810
27 566 42 596
359 459 335 429
3 385 13 395
585 466 585 430
116 147 158 77
366 451 420 424
828 90 793 95
863 264 1013 354
203 773 225 696
625 892 610 862
347 909 452 993
577 37 553 25
436 792 449 844
2 649 2 637
772 478 816 489
211 53 288 53
486 950 514 966
948 494 857 533
850 708 900 758
399 913 359 1053
570 441 578 429
972 968 924 872
289 746 149 646
826 370 800 331
312 802 299 763
718 420 725 427
852 699 868 723
270 507 252 543
274 618 295 569
954 943 996 931
492 1023 597 933
970 905 997 950
564 1035 590 853
665 429 681 429
212 546 208 544
933 479 948 494
315 428 360 455
9 482 3 500
78 685 89 729
307 387 222 506
749 91 863 15
895 753 944 732
944 579 824 483
1009 776 993 768
643 428 577 373
914 849 970 905
816 49 760 17
971 352 945 261
883 571 778 550
733 302 757 398
892 41 920 17
102 276 207 186
908 35 893 0
597 960 601 940
883 487 909 396
501 37 511 37
529 135 479 205
226 573 230 574
949 348 935 320
785 636 717 517
119 142 164 37
344 824 308 833
216 291 276 341
983 324 938 309
893 334 872 327
331 126 433 75
36 385 106 329
452 247 422 265
319 777 321 784
329 305 303 253
837 801 844 801
399 248 429 298
780 521 804 505
919 153 772 195
449 764 449 794
399 108 375 72
597 376 552 376
684 664 645 586
667 463 571 367
990 361 918 457
359 777 403 810
321 329 363 378
225 818 225 908
104 561 188 549
35 43 84 57
501 269 492 206
613 16 661 40
529 350 533 349
811 752 696 683
934 979 898 1042
653 627 655 626
802 498 754 466
490 131 532 117
989 477 944 414
790 917 798 869
177 963 181 957
818 152 790 208
822 14 836 -84
421 592 526 622
104 425 56 401
404 1020 248 916
867 352 861 356
300 483 264 453
394 636 414 652
384 588 354 568
541 241 408 146
461 821 441 821
202 618 340 618
241 583 205 559
3 984 39 942
227 128 149 128
279 627 261 591
473 686 515 704
954 821 954 961
798 515 822 475
745 9 740 4
342 716 279 863
62 355 78 307
857 556 785 580
727 92 733 91
523 76 490 131
26 605 2 637
42 606 42 596
604 774 580 702
789 347 775 319
874 885 826 861
681 650 797 766
960 242 860 292
145 990 173 976
630 472 670 502
430 264 394 240
663 921 591 1017
204 307 243 255
798 815 798 869
808 92 788 96
860 655 848 595
502 860 481 888
954 965 963 983
824 842 797 815
862 879 892 873
105 897 98 890
176 568 220 535
695 890 719 770
681 429 709 387
510 840 478 904
578 622 568 614
297 279 325 237
359 297 349 293
493 954 468 929
119 845 110 782
111 75 111 113
425 477 365 507
909 450 863 473
235 825 225 850
349 1046 399 946
829 780 796 857
990 131 982 99
992 -31 920 17
458 857 498 905
69 354 62 355
314 68 239 53
-14 282 111 457
110 68 131 131
164 117 146 153
772 78 821 43
852 276 908 268
2 463 2 503
181 957 97 971
962 550 938 454
425 477 460 491
668 363 704 363
184 454 148 463
367 877 350 945
265 408 342 430
872 12 922 42
289 217 253 217
2 637 -82 637
181 957 169 945
659 612 640 707
422 661 419 676
635 887 625 892
114 -6 79 22
641 921 668 930
666 499 686 474
434 268 418 252
831 525 1013 473
512 646 511 640
387 499 415 492
685 380 625 340
945 496 943 503
533 349 560 394
895 753 919 733
77 389 125 453
100 393 205 498
850 666 851 672
362 174 422 164
841 492 820 495
705 708 765 768
502 98 460 56
154 752 160 767
403 810 333 820
450 513 366 639
402 747 482 747
25 347 13 395
181 957 208 912
296 -46 146 164
279 689 411 601
443 824 460 722
804 505 793 428
641 948 674 970
202 542 206 532
884 531 950 586
653 54 705 -37
249 359 347 289
515 907 524 907
749 614 844 538
260 394 209 377
50 785 78 736
741 710 747 706
789 347 810 359
768 142 813 217
807 631 832 641
450 771 450 705
978 550 945 528
246 978 224 901
668 408 668 333
539 696 515 704
188 786 227 851
6 501 -2 477
554 381 552 376
963 808 947 752
960 501 936 495
351 691 414 646
287 890 385 876
325 666 305 806
63 793 50 871
472 57 528 105
671 272 707 230
857 972 857 990
440 317 380 422
891 459 849 487
18 574 156 528
666 325 750 265
860 550 830 565
379 510 415 492
414 865 402 805
810 1018 838 962
119 95 151 103
245 143 322 209
328 754 426 684
457 569 389 688
630 366 690 456
733 916 711 960
903 444 855 420
181 957 137 891
289 948 289 888
484 854 496 868
442 681 502 651
990 92 1060 82
675 313 631 313
531 382 377 272
952 475 945 496
518 959 496 926
439 522 415 492
329 305 341 281
213 348 205 368
552 376 537 376
911 499 891 459
884 509 884 531
248 563 200 643
750 813 736 897
765 249 820 249
492 771 429 735
358 244 268 319
118 816 216 788
791 155 801 160
173 976 203 886
539 636 524 657
592 870 607 885
542 3 559 37
842 934 848 927
274 805 250 775
111 85 96 10
346 324 360 326
476 479 524 511
474 604 409 656
111 85 166 96
119 845 133 866
822 14 878 30
